   1.0000000000000000       0.17000000200000001       0.17000000200000001       0.17000000200000001     
   1.0099999997764826       0.16530341533105034       0.16960000193894070       0.16921337389691918     
   1.0199999995529652       0.16075865255308100       0.16920000187788140       0.16842697779385321     
   1.0299999993294477       0.15636322465718885       0.16880000181682212       0.16764104569081692     
   1.0399999991059303       0.15211466486047187       0.16840000175576281       0.16685580958782517     
   1.0499999988824129       0.14801052851902879       0.16800000169470350       0.16607150148489278     
   1.0599999986588955       0.14404839304095932       0.16760000163364419       0.16528835338203460     
   1.0699999984353781       0.14022585779936395       0.16720000157258491       0.16450659727926548     
   1.0799999982118607       0.13654054404534421       0.16680000151152560       0.16372646517660028     
   1.0899999979883432       0.13299009482100241       0.16640000145046629       0.16294818907405381     
   1.0999999977648258       0.12957217487244163       0.16600000138940699       0.16217200097164094     
   1.1099999975413084       0.12628447056276615       0.16560000132834768       0.16139813286937649     
   1.1199999973177910       0.12312468978508084       0.16520000126728840       0.16062681676727533     
   1.1299999970942736       0.12009056187549159       0.16480000120622909       0.15985828466535226     
   1.1399999968707561       0.11717983752610514       0.16440000114516978       0.15909276856362217     
   1.1499999966472387       0.11439028869802904       0.16400000108411047       0.15833050046209990     
   1.1599999964237213       0.11171970853437184       0.16360000102305119       0.15757171236080025     
   1.1699999962002039       0.10916591127324284       0.16320000096199189       0.15681663625973810     
   1.1799999959766865       0.10672673216075232       0.16280000090093258       0.15606550415892831     
   1.1899999957531691       0.10440002736401131       0.16240000083987327       0.15531854805838566     
   1.1999999955296516       0.10218367388413183       0.16200000077881399       0.15457599995812504     
   1.2099999953061342       0.10007556946922666       0.16160000071775468       0.15383809185816130     
   1.2199999950826168        9.8073632527409457E-002  0.16120000065669537       0.15310505575850925     
   1.2299999948590994        9.6175802039794839E-002  0.16080000059563607       0.15237712365918377     
   1.2399999946355820        9.4380037473498268E-002  0.16040000053457676       0.15165452756019965     
   1.2499999944120646        9.2684318694635892E-002  0.16000000047351748       0.15093749946157181     
   1.2599999941885471        9.1086645881324896E-002  0.15960000041245817       0.15022627136331501     
   1.2699999939650297        8.9585039436683264E-002  0.15920000035139886       0.14952107526544414     
   1.2799999937415123        8.8177539901829749E-002  0.15880000029033955       0.14882214316797404     
   1.2899999935179949        8.6862207868884142E-002  0.15840000022928025       0.14812970707091958     
   1.2999999932944775        8.5637123893967007E-002  0.15800000016822097       0.14744399897429553     
   1.3099999930709600        8.4500388410199578E-002  0.15760000010716166       0.14676525087811679     
   1.3199999928474426        8.3450121640704311E-002  0.15720000004610235       0.14609369478239820     
   1.3299999926239252        8.2484463511604045E-002  0.15679999998504304       0.14542956268715457     
   1.3399999924004078        8.1601573565022886E-002  0.15639999992398376       0.14477308659240079     
   1.3499999921768904        8.0799630872085457E-002  0.15599999986292445       0.14412449849815168     
   1.3599999919533730        8.0076833945917483E-002  0.15559999980186515       0.14348403040442206     
   1.3699999917298555        7.9431400654645351E-002  0.15519999974080584       0.14285191431122679     
   1.3799999915063381        7.8861568134396404E-002  0.15479999967974656       0.14222838221858072     
   1.3899999912828207        7.8365592702298634E-002  0.15439999961868725       0.14161366612649873     
   1.3999999910593033        7.7941749769481081E-002  0.15399999955762794       0.14100799803499559     
   1.4099999908357859        7.7588333754073549E-002  0.15359999949656863       0.14041160994408619     
   1.4199999906122684        7.7303657994206493E-002  0.15319999943550933       0.13982473385378533     
   1.4299999903887510        7.7086054661011510E-002  0.15279999937445005       0.13924760176410791     
   1.4399999901652336        7.6933874671620869E-002  0.15239999931339074       0.13868044567506876     
   1.4499999899417162        7.6845487602167556E-002  0.15199999925233143       0.13812349758668269     
   1.4599999897181988        7.6819281600785591E-002  0.15159999919127212       0.13757698949896457     
   1.4699999894946814        7.6853663300609637E-002  0.15119999913021281       0.13704115341192921     
   1.4799999892711639        7.6947057732775256E-002  0.15079999906915353       0.13651622132559152     
   1.4899999890476465        7.7097908239418866E-002  0.15039999900809423       0.13600242523996628     
   1.4999999888241291        7.7304676386677706E-002  0.14999999894703492       0.13549999715506839     
   1.5099999886006117        7.7565841877689612E-002  0.14959999888597561       0.13500916907091259     
   1.5199999883770943        7.7879902465593565E-002  0.14919999882491633       0.13453017298751385     
   1.5299999881535769        7.8245373866529050E-002  0.14879999876385702       0.13406324090488694     
   1.5399999879300594        7.8660789672636719E-002  0.14839999870279771       0.13360860482304671     
   1.5499999877065420        7.9124701265057731E-002  0.14799999864173841       0.13316649674200803     
   1.5599999874830246        7.9635677726934098E-002  0.14759999858067913       0.13273714866178571     
   1.5699999872595072        8.0192305756408649E-002  0.14719999851961982       0.13232079258239463     
   1.5799999870359898        8.0793189579625127E-002  0.14679999845856051       0.13191766050384959     
   1.5899999868124723        8.1436950863727958E-002  0.14639999839750120       0.13152798442616548     
   1.5999999865889549        8.2122228629862445E-002  0.14599999833644189       0.13115199634935709     
   1.6099999863654375        8.2847679166174693E-002  0.14559999827538261       0.13078992827343930     
   1.6199999861419201        8.3611975940811462E-002  0.14519999821432331       0.13044201219842694     
   1.6299999859184027        8.4413809514920501E-002  0.14479999815326400       0.13010848012433487     
   1.6399999856948853        8.5251887455650155E-002  0.14439999809220469       0.12978956405117792     
   1.6499999854713678        8.6124934249149812E-002  0.14399999803114538       0.12948549597897091     
   1.6599999852478504        8.7031691213569379E-002  0.14359999797008610       0.12919650790772874     
   1.6699999850243330        8.7970916412059716E-002  0.14319999790902679       0.12892283183746620     
   1.6799999848008156        8.8941384565772469E-002  0.14279999784796749       0.12866469976819817     
   1.6899999845772982        8.9941886966860035E-002  0.14239999778690818       0.12842234369993943     
   1.6999999843537807        9.0971231391475504E-002  0.14199999772584890       0.12819599563270492     
   1.7099999841302633        9.2028242012772918E-002  0.14159999766478959       0.12798588756650942     
   1.7199999839067459        9.3111759313906972E-002  0.14119999760373028       0.12779225150136778     
   1.7299999836832285        9.4220640001033223E-002  0.14079999754267097       0.12761531943729484     
   1.7399999834597111        9.5353756916307875E-002  0.14039999748161169       0.12745532337430548     
   1.7499999832361937        9.6509998950888090E-002  0.13999999742055239       0.12731249531241451     
   1.7599999830126762        9.7688270957931686E-002  0.13959999735949308       0.12718706725163675     
   1.7699999827891588        9.8887493665597209E-002  0.13919999729843377       0.12707927119198709     
   1.7799999825656414       0.10010660359004410       0.13879999723737446       0.12698933913348037     
   1.7899999823421240       0.10134455294843260       0.13839999717631518       0.12691750307613142     
   1.7999999821186066       0.10260030957192338       0.13799999711525587       0.12686399501995504     
   1.8099999818950891       0.10387285681867840       0.13759999705419657       0.12682904696496616     
   1.8199999816715717       0.10516119348685989       0.13719999699313726       0.12681289091117956     
   1.8299999814480543       0.10646433372763126       0.13679999693207795       0.12681575885861010     
   1.8399999812245369       0.10778130695815623       0.13639999687101867       0.12683788280727262     
   1.8499999810010195       0.10911115777459968       0.13599999680995936       0.12687949475718197     
   1.8599999807775021       0.11045294586512706       0.13559999674890005       0.12694082670835299     
   1.8699999805539846       0.11180574592290463       0.13519999668784077       0.12702211066080055     
   1.8799999803304672       0.11316864755909931       0.13479999662678147       0.12712357861453943     
   1.8899999801069498       0.11454075521587886       0.13439999656572216       0.12724546256958452     
   1.8999999798834324       0.11592118807941187       0.13399999650466285       0.12738799452595068     
   1.9099999796599150       0.11730907999286742       0.13359999644360354       0.12755140648365271     
   1.9199999794363976       0.11870357936941563       0.13319999638254426       0.12773593044270548     
   1.9299999792128801       0.12010384910522712       0.13279999632148495       0.12794179840312381     
   1.9399999789893627       0.12150906649247341       0.13239999626042565       0.12816924236492253     
   1.9499999787658453       0.12291842313232675       0.13199999619936634       0.12841849432811656     
   1.9599999785423279       0.12433112484796006       0.13159999613830703       0.12868978629272065     
   1.9699999783188105       0.12574639159754697       0.13119999607724775       0.12898335025874971     
   1.9799999780952930       0.12716345738726192       0.13079999601618844       0.12929941822621854     
   1.9899999778717756       0.12858157018428018       0.13039999595512913       0.12963822219514201     
   1.9999999776482582       0.12999999182977759       0.12999999589406983       0.12999999416553498     
   2.0099999774247408       0.13141799795193071       0.13069999349973169       0.13038484413822310     
   2.0199999772012234       0.13283487787891698       0.13139999356408547       0.13079239411400320     
   2.0299999769777060       0.13424993455191445       0.13209999362843924       0.13122214409284685     
   2.0399999767541885       0.13566248443810192       0.13279999369279302       0.13167359407472554     
   2.0499999765306711       0.13707185744365891       0.13349999375714680       0.13214624405961078     
   2.0599999763071537       0.13847739682676566       0.13419999382150058       0.13263959404747416     
   2.0699999760836363       0.13987845911060320       0.13489999388585436       0.13315314403828715     
   2.0799999758601189       0.14127441399635324       0.13559999395020814       0.13368639403202132     
   2.0899999756366014       0.14266464427619815       0.13629999401456191       0.13423884402864816     
   2.0999999754130840       0.14404854574632109       0.13699999407891569       0.13480999402813923     
   2.1099999751895666       0.14542552711990583       0.13769999414326947       0.13539934403046602     
   2.1199999749660492       0.14679500994013706       0.13839999420762325       0.13600639403560011     
   2.1299999747425318       0.14815642849319993       0.13909999427197703       0.13663064404351297     
   2.1399999745190144       0.14950922972128047       0.13979999433633081       0.13727159405417616     
   2.1499999742954969       0.15085287313556536       0.14049999440068459       0.13792874406756123     
   2.1599999740719795       0.15218683072924200       0.14119999446503836       0.13860159408363965     
   2.1699999738484621       0.15351058689049848       0.14189999452939214       0.13928964410238298     
   2.1799999736249447       0.15482363831552362       0.14259999459374592       0.13999239412376277     
   2.1899999734014273       0.15612549392150690       0.14329999465809970       0.14070934414775049     
   2.1999999731779099       0.15741567475963850       0.14399999472245348       0.14143999417431774     
   2.2099999729543924       0.15869371392810933       0.14469999478680726       0.14218384420343597     
   2.2199999727308750       0.15995915648511103       0.14539999485116104       0.14294039423507676     
   2.2299999725073576       0.16121155936183584       0.14609999491551481       0.14370914426921164     
   2.2399999722838402       0.16245049127547678       0.14679999497986859       0.14448959430581210     
   2.2499999720603228       0.16367553264222753       0.14749999504422237       0.14528124434484968     
   2.2599999718368053       0.16488627549028234       0.14819999510857615       0.14608359438629595     
   2.2699999716132879       0.16608232337283638       0.14889999517292993       0.14689614443012239     
   2.2799999713897705       0.16726329128108530       0.14959999523728371       0.14771839447630053     
   2.2899999711662531       0.16842880555722559       0.15029999530163748       0.14854984452480191     
   2.2999999709427357       0.16957850380745429       0.15099999536599126       0.14938999457559810     
   2.3099999707192183       0.17071203481496927       0.15169999543034504       0.15023834462866054     
   2.3199999704957008       0.17182905845296892       0.15239999549469882       0.15109439468396080     
   2.3299999702721834       0.17292924559765238       0.15309999555905260       0.15195764474147044     
   2.3399999700486660       0.17401227804121955       0.15379999562340638       0.15282759480116093     
   2.3499999698251486       0.17507784840487081       0.15449999568776016       0.15370374486300384     
   2.3599999696016312       0.17612566005180735       0.15519999575211396       0.15458559492697066     
   2.3699999693781137       0.17715542700023107       0.15589999581646774       0.15547264499303298     
   2.3799999691545963       0.17816687383634436       0.15659999588082152       0.15636439506116226     
   2.3899999689310789       0.17915973562735049       0.15729999594517530       0.15726034513133005     
   2.3999999687075615       0.18013375783445326       0.15799999600952908       0.15815999520350790     
   2.4099999684840441       0.18108869622585722       0.15869999607388285       0.15906284527766731     
   2.4199999682605267       0.18202431678976741       0.15939999613823663       0.15996839535377982     
   2.4299999680370092       0.18294039564738979       0.16009999620259041       0.16087614543181700     
   2.4399999678134918       0.18383671896593079       0.16079999626694419       0.16178559551175029     
   2.4499999675899744       0.18471308287159746       0.16149999633129797       0.16269624559355125     
   2.4599999673664570       0.18556929336259773       0.16219999639565175       0.16360759567719144     
   2.4699999671429396       0.18640516622214001       0.16289999646000553       0.16451914576264237     
   2.4799999669194221       0.18722052693143335       0.16359999652435930       0.16543039584987557     
   2.4899999666959047       0.18801521058268755       0.16429999658871308       0.16634084593886253     
   2.4999999664723873       0.18878906179211302       0.16499999665306686       0.16724999602957483     
   2.5099999662488699       0.18954193461292082       0.16569999671742064       0.16815734612198396     
   2.5199999660253525       0.19027369244832262       0.16639999678177442       0.16906239621606151     
   2.5299999658018351       0.19098420796453072       0.16709999684612820       0.16996464631177891     
   2.5399999655783176       0.19167336300375823       0.16779999691048197       0.17086359640910775     
   2.5499999653548002       0.19234104849721861       0.16849999697483575       0.17175874650801956     
   2.5599999651312828       0.19298716437812616       0.16919999703918953       0.17264959660848586     
   2.5699999649077654       0.19361161949469591       0.16989999710354331       0.17353564671047816     
   2.5799999646842480       0.19421433152314321       0.17059999716789709       0.17441639681396803     
   2.5899999644607306       0.19479522688068440       0.17129999723225087       0.17529134691892695     
   2.5999999642372131       0.19535424063853618       0.17199999729660465       0.17615999702532645     
   2.6099999640136957       0.19589131643491600       0.17269999736095842       0.17702184713313807     
   2.6199999637901783       0.19640640638804199       0.17339999742531220       0.17787639724233337     
   2.6299999635666609       0.19689947100913269       0.17409999748966598       0.17872314735288380     
   2.6399999633431435       0.19737047911540753       0.17479999755401976       0.17956159746476100     
   2.6499999631196260       0.19781940774308640       0.17549999761837354       0.18039124757793640     
   2.6599999628961086       0.19824624206038988       0.17619999768272732       0.18121159769238154     
   2.6699999626725912       0.19865097528053915       0.17689999774708109       0.18202214780806802     
   2.6799999624490738       0.19903360857475599       0.17759999781143487       0.18282239792496729     
   2.6899999622255564       0.19939415098526284       0.17829999787578865       0.18361184804305089     
   2.6999999620020390       0.19973261933828274       0.17899999794014243       0.18438999816229037     
   2.7099999617785215       0.20004903815703928       0.17969999800449621       0.18515634828265726     
   2.7199999615550041       0.20034343957475678       0.18039999806884999       0.18591039840412307     
   2.7299999613314867       0.20061586324766015       0.18109999813320377       0.18665164852665933     
   2.7399999611079693       0.20086635626797472       0.18179999819755754       0.18737959865023757     
   2.7499999608844519       0.20109497307692667       0.18249999826191132       0.18809374877482934     
   2.7599999606609344       0.20130177537774266       0.18319999832626510       0.18879359890040615     
   2.7699999604374170       0.20148683204865003       0.18389999839061888       0.18947864902693951     
   2.7799999602138996       0.20165021905587668       0.18459999845497266       0.19014839915440096     
   2.7899999599903822       0.20179201936665103       0.18529999851932644       0.19080234928276202     
   2.7999999597668648       0.20191232286220220       0.18599999858368021       0.19143999941199424     
   2.8099999595433474       0.20201122625076004       0.18669999864803399       0.19206084954206915     
   2.8199999593198299       0.20208883298055458       0.18739999871238777       0.19266439967295823     
   2.8299999590963125       0.20214525315281684       0.18809999877674155       0.19325014980463306     
   2.8399999588727951       0.20218060343477828       0.18879999884109533       0.19381759993706515     
   2.8499999586492777       0.20219500697267101       0.18949999890544911       0.19436625007022604     
   2.8599999584257603       0.20218859330472758       0.19019999896980289       0.19489560020408722     
   2.8699999582022429       0.20216149827418128       0.19089999903415666       0.19540515033862027     
   2.8799999579787254       0.20211386394226599       0.19159999909851044       0.19589440047379666     
   2.8899999577552080       0.20204583850121607       0.19229999916286422       0.19636285060958797     
   2.8999999575316906       0.20195757618726645       0.19299999922721800       0.19681000074596566     
   2.9099999573081732       0.20184923719365275       0.19369999929157178       0.19723535088290134     
   2.9199999570846558       0.20172098758361118       0.19439999935592556       0.19763840102036651     
   2.9299999568611383       0.20157299920337840       0.19509999942027934       0.19801865115833267     
   2.9399999566376209       0.20140544959519177       0.19579999948463311       0.19837560129677134     
   2.9499999564141035       0.20121852191028908       0.19649999954898689       0.19870875143565411     
   2.9599999561905861       0.20101240482190877       0.19719999961334067       0.19901760157495246     
   2.9699999559670687       0.20078729243828999       0.19789999967769445       0.19930165171463793     
   2.9799999557435513       0.20054338421567225       0.19859999974204823       0.19956040185468202     
   2.9899999555200338       0.20028088487129567       0.19929999980640201       0.19979335199505630     
   2.9999999552965164       0.20000000429640105       0.19999999987075578       0.20000000213573227     
   3.0099999550729990       0.19970095746922956       0.19930000606489043       0.20017998027497189     
   3.0199999548494816       0.19938396436802316       0.19860000600053665       0.20033342641106514     
   3.0299999546259642       0.19904924988402417       0.19790000593618287       0.20046060854402564     
   3.0399999544024467       0.19869704373447558       0.19720000587182909       0.20056179467386703     
   3.0499999541789293       0.19832758037562090       0.19650000580747531       0.20063725280060296     
   3.0599999539554119       0.19794109891570427       0.19580000574312154       0.20068725092424700     
   3.0699999537318945       0.19753784302797023       0.19510000567876776       0.20071205704481285     
   3.0799999535083771       0.19711806086366401       0.19440000561441398       0.20071193916231408     
   3.0899999532848597       0.19668200496503130       0.19370000555006020       0.20068716527676433     
   3.0999999530613422       0.19622993217831841       0.19300000548570642       0.20063800338817728     
   3.1099999528378248       0.19576210356677223       0.19230000542135264       0.20056472149656651     
   3.1199999526143074       0.19527878432364001       0.19160000535699886       0.20046758760194563     
   3.1299999523907900       0.19478024368516972       0.19090000529264509       0.20034686970432833     
   3.1399999521672726       0.19426675484360986       0.19020000522829131       0.20020283580372822     
   3.1499999519437551       0.19373859486020928       0.18950000516393753       0.20003575390015890     
   3.1599999517202377       0.19319604457821771       0.18880000509958375       0.19984589199363401     
   3.1699999514967203       0.19263938853588511       0.18810000503522997       0.19963351808416721     
   3.1799999512732029       0.19206891487946209       0.18740000497087619       0.19939890017177209     
   3.1899999510496855       0.19148491527619976       0.18670000490652242       0.19914230625646231     
   3.1999999508261681       0.19088768482734994       0.18600000484216864       0.19886400433825147     
   3.2099999506026506       0.19027752198116463       0.18530000477781486       0.19856426241715322     
   3.2199999503791332       0.18965472844589670       0.18460000471346108       0.19824334849318118     
   3.2299999501556158       0.18901960910279941       0.18390000464910730       0.19790153056634899     
   3.2399999499320984       0.18837247191912640       0.18320000458475352       0.19753907663667028     
   3.2499999497085810       0.18771362786113216       0.18250000452039974       0.19715625470415865     
   3.2599999494850636       0.18704339080707139       0.18180000445604597       0.19675333276882775     
   3.2699999492615461       0.18636207746019934       0.18110000439169219       0.19633057883069122     
   3.2799999490380287       0.18567000726177210       0.18040000432733841       0.19588826088976269     
   3.2899999488145113       0.18496750230404604       0.17970000426298463       0.19542664694605574     
   3.2999999485909939       0.18425488724327785       0.17900000419863085       0.19494600499958406     
   3.3099999483674765       0.18353248921272516       0.17830000413427707       0.19444660305036127     
   3.3199999481439590       0.18280063773564573       0.17760000406992330       0.19392870909840096     
   3.3299999479204416       0.18205966463829809       0.17690000400556952       0.19339259114371679     
   3.3399999476969242       0.18130990396294111       0.17620000394121574       0.19283851718632239     
   3.3499999474734068       0.18055169188083436       0.17550000387686196       0.19226675522623138     
   3.3599999472498894       0.17978536660523764       0.17480000381250818       0.19167757326345741     
   3.3699999470263720       0.17901126830441147       0.17410000374815440       0.19107123929801406     
   3.3799999468028545       0.17822973901461672       0.17340000368380062       0.19044802132991501     
   3.3899999465793371       0.17744112255311498       0.17270000361944685       0.18980818735917387     
   3.3999999463558197       0.17664576443116817       0.17200000355509307       0.18915200538580426     
   3.4099999461323023       0.17584401176703870       0.17130000349073929       0.18847974340981982     
   3.4199999459087849       0.17503621319898957       0.17060000342638551       0.18779166943123418     
   3.4299999456852674       0.17422271879828410       0.16990000336203173       0.18708805145006097     
   3.4399999454617500       0.17340387998218637       0.16920000329767795       0.18636915746631380     
   3.4499999452382326       0.17258004942696070       0.16850000323332415       0.18563525548000634     
   3.4599999450147152       0.17175158098087207       0.16780000316897037       0.18488661349115218     
   3.4699999447911978       0.17091882957718571       0.16710000310461659       0.18412349949976495     
   3.4799999445676804       0.17008215114716771       0.16640000304026281       0.18334618150585830     
   3.4899999443441629       0.16924190253308435       0.16570000297590903       0.18255492750944588     
   3.4999999441206455       0.16839844140120247       0.16500000291155525       0.18175000551054124     
   3.5099999438971281       0.16755212615478929       0.16430000284720148       0.18093168350915811     
   3.5199999436736107       0.16670331584711276       0.16360000278284770       0.18010022950531004     
   3.5299999434500933       0.16585237009444112       0.16290000271849392       0.17925591149901068     
   3.5399999432265759       0.16499964898904304       0.16220000265414014       0.17839899749027369     
   3.5499999430030584       0.16414551301218785       0.16150000258978636       0.17752975547911265     
   3.5599999427795410       0.16329032294714518       0.16080000252543258       0.17664845346554126     
   3.5699999425560236       0.16243443979218522       0.16010000246107881       0.17575535944957307     
   3.5799999423325062       0.16157822467357863       0.15940000239672503       0.17485074143122176     
   3.5899999421089888       0.16072203875859647       0.15870000233237125       0.17393486741050093     
   3.5999999418854713       0.15986624316851028       0.15800000226801747       0.17300800538742422     
   3.6099999416619539       0.15901119889159213       0.15730000220366369       0.17207042336200529     
   3.6199999414384365       0.15815726669611455       0.15660000213930991       0.17112238933425772     
   3.6299999412149191       0.15730480704335037       0.15590000207495613       0.17016417130419517     
   3.6399999409914017       0.15645418000057310       0.15520000201060236       0.16919603727183125     
   3.6499999407678843       0.15560574515405659       0.15450000194624858       0.16821825523717959     
   3.6599999405443668       0.15475986152207508       0.15380000188189480       0.16723109320025384     
   3.6699999403208494       0.15391688746790341       0.15310000181754102       0.16623481916106764     
   3.6799999400973320       0.15307718061281680       0.15240000175318724       0.16522970111963456     
   3.6899999398738146       0.15224109774909086       0.15170000168883346       0.16421600707596828     
   3.6999999396502972       0.15140899475300179       0.15100000162447968       0.16319400503008241     
   3.7099999394267797       0.15058122649782610       0.15030000156012591       0.16216396298199059     
   3.7199999392032623       0.14975814676684082       0.14960000149577213       0.16112614893170643     
   3.7299999389797449       0.14894010816632339       0.14890000143141835       0.16008083087924357     
   3.7399999387562275       0.14812746203855173       0.14820000136706457       0.15902827682461568     
   3.7499999385327101       0.14732055837480415       0.14750000130271079       0.15796875476783634     
   3.7599999383091927       0.14651974572835941       0.14680000123835701       0.15690253270891916     
   3.7699999380856752       0.14572537112749676       0.14610000117400324       0.15582987864787778     
   3.7799999378621578       0.14493777998849575       0.14540000110964946       0.15475106058472593     
   3.7899999376386404       0.14415731602863657       0.14470000104529568       0.15366634651947708     
   3.7999999374151230       0.14338432117919964       0.14400000098094190       0.15257600445214498     
   3.8099999371916056       0.14261913549846592       0.14330000091658812       0.15148030238274318     
   3.8199999369680882       0.14186209708471675       0.14260000085223434       0.15037950831128538     
   3.8299999367445707       0.14111354198923398       0.14190000078788056       0.14927389023778515     
   3.8399999365210533       0.14037380412929978       0.14120000072352679       0.14816371616225618     
   3.8499999362975359       0.13964321520119677       0.14050000065917301       0.14704925408471203     
   3.8599999360740185       0.13892210459320803       0.13980000059481923       0.14593077200516638     
   3.8699999358505011       0.13821079929861704       0.13910000053046545       0.14480853792363280     
   3.8799999356269836       0.13750962382870763       0.13840000046611167       0.14368281984012501     
   3.8899999354034662       0.13681890012576425       0.13770000040175789       0.14255388575465658     
   3.8999999351799488       0.13613894747607147       0.13700000033740412       0.14142200366724111     
   3.9099999349564314       0.13547008242291450       0.13630000027305034       0.14028744157789230     
   3.9199999347329140       0.13481261867957883       0.13560000020869656       0.13915046748662374     
   3.9299999345093966       0.13416686704235053       0.13490000014434278       0.13801134939344908     
   3.9399999342858791       0.13353313530351588       0.13420000007998900       0.13687035529838193     
   3.9499999340623617       0.13291172816436167       0.13350000001563522       0.13572775320143593     
   3.9599999338388443       0.13230294714817500       0.13279999995128144       0.13458381110262468     
   3.9699999336153269       0.13170709051324361       0.13209999988692767       0.13343879700196185     
   3.9799999333918095       0.13112445316585533       0.13139999982257389       0.13229297889946107     
   3.9899999331682920       0.13055532657329863       0.13069999975822011       0.13114662479513592     
   3.9999999329447746       0.12999999867686216       0.12999999969386633       0.13000000268900008     
   4.0099999327212572       0.12945875380483529       0.13039999237884983       0.12885349057886197     
   4.0199999324977398       0.12893187258550737       0.13079999243990911       0.12770790646256050     
   4.0299999322742224       0.12841963186016847       0.13119999250096842       0.12656417834015504     
   4.0399999320507050       0.12792230459610893       0.13159999256202773       0.12542323421170501     
   4.0499999318271875       0.12744015979961948       0.13199999262308704       0.12428600207726971     
   4.0599999316036701       0.12697346242899119       0.13239999268414634       0.12315340993690856     
   4.0699999313801527       0.12652247330751570       0.13279999274520563       0.12202638579068092     
   4.0799999311566353       0.12608744903648481       0.13319999280626493       0.12090585763864617     
   4.0899999309331179       0.12566864190819080       0.13359999286732424       0.11979275348086367     
   4.0999999307096004       0.12526629981892631       0.13399999292838355       0.11868800131739281     
   4.1099999304860830       0.12488066618198440       0.13439999298944283       0.11759252914829293     
   4.1199999302625656       0.12451197984065850       0.13479999305050214       0.11650726497362345     
   4.1299999300390482       0.12416047498124241       0.13519999311156145       0.11543313679344371     
   4.1399999298155308       0.12382638104603030       0.13559999317262075       0.11437107260781308     
   4.1499999295920134       0.12350992264631655       0.13599999323368006       0.11332200041679094     
   4.1599999293684959       0.12321131947539628       0.13639999329473934       0.11228684822043668     
   4.1699999291449785       0.12293078622156466       0.13679999335579865       0.11126654401880966     
   4.1799999289214611       0.12266853248111738       0.13719999341685796       0.11026201581196923     
   4.1899999286979437       0.12242476267135043       0.13759999347791727       0.10927419159997481     
   4.1999999284744263       0.12219967594356011       0.13799999353897655       0.10830399938288574     
   4.2099999282509089       0.12199346609604327       0.13839999360003585       0.10735236716076138     
   4.2199999280273914       0.12180632148709690       0.13879999366109516       0.10642022293366114     
   4.2299999278038740       0.12163842494801853       0.13919999372215447       0.10550849470164438     
   4.2399999275803566       0.12148995369610598       0.13959999378321378       0.10461811046477046     
   4.2499999273568392       0.12136107924765736       0.13999999384427306       0.10374999822309874     
   4.2599999271333218       0.12125196733097122       0.14039999390533237       0.10290508597668865     
   4.2699999269098043       0.12116277779934645       0.14079999396639167       0.10208430172559950     
   4.2799999266862869       0.12109366454408220       0.14119999402745098       0.10128857346989070     
   4.2899999264627695       0.12104477540747814       0.14159999408851026       0.10051882920962160     
   4.2999999262392521       0.12101625209583415       0.14199999414956957        9.9775996944851605E-002
   4.3099999260157347       0.12100823009245047       0.14239999421062888        9.9061004675640052E-002
   4.3199999257922173       0.12102083857062776       0.14279999427168819        9.8374780402046336E-002
   4.3299999255686998       0.12105420030666693       0.14319999433274749        9.7718252124129823E-002
   4.3399999253451824       0.12110843159286928       0.14359999439380677        9.7092347841949866E-002
   4.3499999251216650       0.12118364215053651       0.14399999445486608        9.6497995555565874E-002
   4.3599999248981476       0.12127993504297048       0.14439999451592539        9.5936123265037199E-002
   4.3699999246746302       0.12139740658847356       0.14479999457698470        9.5407658970423220E-002
   4.3799999244511127       0.12153614627334833       0.14519999463804398        9.4913530671783305E-002
   4.3899999242275953       0.12169623666489784       0.14559999469910329        9.4454666369176821E-002
   4.3999999240040779       0.12187775332442535       0.14599999476016259        9.4031994062663160E-002
   4.4099999237805605       0.12208076472023445       0.14639999482122190        9.3646441752301690E-002
   4.4199999235570431       0.12230533214062918       0.14679999488228118        9.3298937438151763E-002
   4.4299999233335257       0.12255150960691380       0.14719999494334049        9.2990409120272760E-002
   4.4399999231100082       0.12281934378639286       0.14759999500439980        9.2721784798724075E-002
   4.4499999228864908       0.12310887390537131       0.14799999506545911        9.2493992473565045E-002
   4.4599999226629734       0.12342013166215446       0.14839999512651841        9.2307960144855095E-002
   4.4699999224394560       0.12375314114004779       0.14879999518757769        9.2164615812653547E-002
   4.4799999222159386       0.12410791872035715       0.14919999524863700        9.2064887477019797E-002
   4.4899999219924212       0.12448447299538894       0.14959999530969631        9.2009703138013196E-002
   4.4999999217689037       0.12488280468144947       0.14999999537075562        9.1999990795693154E-002
   4.5099999215453863       0.12530290653184564       0.15039999543181493        9.2036678450119022E-002
   4.5199999213218689       0.12574476324988457       0.15079999549287421        9.2120694101350153E-002
   4.5299999210983515       0.12620835140187373       0.15119999555393351        9.2252965749445970E-002
   4.5399999208748341       0.12669363933012090       0.15159999561499282        9.2434421394465810E-002
   4.5499999206513166       0.12720058706593404       0.15199999567605213        9.2665989036469040E-002
   4.5599999204277992       0.12772914624262158       0.15239999573711141        9.2948596675515055E-002
   4.5699999202042818       0.12827926000849219       0.15279999579817072        9.3283172311663207E-002
   4.5799999199807644       0.12885086293985476       0.15319999585923003        9.3670643944972903E-002
   4.5899999197572470       0.12944388095401857       0.15359999592028933        9.4111939575503484E-002
   4.5999999195337296       0.13005823122229329       0.15399999598134861        9.4607987203314314E-002
   4.6099999193102121       0.13069382208298866       0.15439999604240792        9.5159714828464803E-002
   4.6199999190866947       0.13135055295441481       0.15479999610346723        9.5768050451014303E-002
   4.6299999188631773       0.13202831424788228       0.15519999616452654        9.6433922071022166E-002
   4.6399999186396599       0.13272698728070170       0.15559999622558585        9.7158257688547800E-002
   4.6499999184161425       0.13344644418918414       0.15599999628664513        9.7941985303650572E-002
   4.6599999181926250       0.13418654784164086       0.15639999634770443        9.8786032916389835E-002
   4.6699999179691076       0.13494715175138353       0.15679999640876374        9.9691328526824996E-002
   4.6799999177455902       0.13572809998972388       0.15719999646982305       0.10065880013501538     
   4.6899999175220728       0.13652922709897422       0.15759999653088236       0.10168937574102038     
   4.6999999172985554       0.13735035800544698       0.15799999659194164       0.10278398334489940     
   4.7099999170750380       0.13819130793245477       0.15839999665300095       0.10394355094671179     
   4.7199999168515205       0.13905188231331062       0.15879999671406025       0.10516900654651688     
   4.7299999166280031       0.13993187670432775       0.15919999677511956       0.10646127814437412     
   4.7399999164044857       0.14083107669781977       0.15959999683617884       0.10782129374034281     
   4.7499999161809683       0.14174925783510048       0.15999999689723815       0.10924998133448238     
   4.7599999159574509       0.14268618551948395       0.16039999695829746       0.11074826892685220     
   4.7699999157339334       0.14364161492928454       0.16079999701935677       0.11231708451751159     
   4.7799999155104160       0.14461529093081685       0.16119999708041605       0.11395735610651997     
   4.7899999152868986       0.14560694799139570       0.16159999714147535       0.11567001169393670     
   4.7999999150633812       0.14661631009233633       0.16199999720253466       0.11745597927982113     
   4.8099999148398638       0.14764309064195413       0.16239999726359397       0.11931618686423269     
   4.8199999146163464       0.14868699238856475       0.16279999732465328       0.12125156244723069     
   4.8299999143928289       0.14974770733348408       0.16319999738571256       0.12326303402887455     
   4.8399999141693115       0.15082491664402831       0.16359999744677187       0.12535152960922361     
   4.8499999139457941       0.15191829056651396       0.16399999750783117       0.12751797718833727     
   4.8599999137222767       0.15302748833925761       0.16439999756889048       0.12976330476627485     
   4.8699999134987593       0.15415215810557628       0.16479999762994979       0.13208844034309580     
   4.8799999132752419       0.15529193682678710       0.16519999769100907       0.13449431191885941     
   4.8899999130517244       0.15644645019520756       0.16559999775206838       0.13698184749362513     
   4.8999999128282070       0.15761531254715525       0.16599999781312769       0.13955197506745229     
   4.9099999126046896       0.15879812677594821       0.16639999787418697       0.14220562264040026     
   4.9199999123811722       0.15999448424490456       0.16679999793524627       0.14494371821252844     
   4.9299999121576548       0.16120396470034273       0.16719999799630558       0.14776718978389619     
   4.9399999119341373       0.16242613618458138       0.16759999805736489       0.15067696535456288     
   4.9499999117106199       0.16366055494893944       0.16799999811842420       0.15367397292458790     
   4.9599999114871025       0.16490676536673593       0.16839999817948348       0.15675914049403056     
   4.9699999112635851       0.16616429984629033       0.16879999824054279       0.15993339606295032     
   4.9799999110400677       0.16743267874392218       0.16919999830160209       0.16319766763140647     
   4.9899999108165503       0.16871141027695125       0.16959999836266140       0.16655288319945846     
   4.9999999105930328       0.16999999043669772       0.16999999842372071       0.16999997076716561     
   5.0099999103695154       0.17129790290148181       0.17029999932108539       0.16725293781990352     
   5.0199999101459980       0.17260461894962409       0.17059999932437986       0.16459772068170272     
   5.0299999099224806       0.17391959737244519       0.17089999932767433       0.16203344755969168     
   5.0399999096989632       0.17524228438726622       0.17119999933096883       0.15955919045381101     
   5.0499999094754457       0.17657211355040822       0.17149999933426330       0.15717402136400133     
   5.0599999092519283       0.17790850567019262       0.17179999933755777       0.15487701229020326     
   5.0699999090284109       0.17925086871994114       0.17209999934085224       0.15266723523235742     
   5.0799999088048935       0.18059859775097553       0.17239999934414674       0.15054376219040450     
   5.0899999085813761       0.18195107480561787       0.17269999934744121       0.14850566516428504     
   5.0999999083578587       0.18330766883019037       0.17299999935073568       0.14655201615393973     
   5.1099999081343412       0.18466773558801564       0.17329999935403015       0.14468188715930916     
   5.1199999079108238       0.18603061757241629       0.17359999935732465       0.14289435018033397     
   5.1299999076873064       0.18739564391971511       0.17389999936061912       0.14118847721695482     
   5.1399999074637890       0.18876213032223543       0.17419999936391359       0.13956334026911227     
   5.1499999072402716       0.19012937894130036       0.17449999936720806       0.13801801133674702     
   5.1599999070167542       0.19149667832023340       0.17479999937050253       0.13655156241979965     
   5.1699999067932367       0.19286330329735843       0.17509999937379703       0.13516306551821081     
   5.1799999065697193       0.19422851491899920       0.17539999937709150       0.13385159263192109     
   5.1899999063462019       0.19559156035247993       0.17569999938038597       0.13261621576087115     
   5.1999999061226845       0.19695167279912482       0.17599999938368044       0.13145600690500164     
   5.2099999058991671       0.19830807140725851       0.17629999938697494       0.13037003806425312     
   5.2199999056756496       0.19965996118520557       0.17659999939026941       0.12935738123856627     
   5.2299999054521322       0.20100653291429083       0.17689999939356388       0.12841710842788170     
   5.2399999052286148       0.20234696306183952       0.17719999939685835       0.12754829163214007     
   5.2499999050050974       0.20368041369417683       0.17749999940015285       0.12675000285128196     
   5.2599999047815800       0.20500603238962820       0.17779999940344732       0.12602131408524800     
   5.2699999045580626       0.20632295215151930       0.17809999940674179       0.12536129733397883     
   5.2799999043345451       0.20763029132117589       0.17839999941003626       0.12476902459741510     
   5.2899999041110277       0.20892715349092394       0.17869999941333076       0.12424356787549741     
   5.2999999038875103       0.21021262741708968       0.17899999941662523       0.12378399916816640     
   5.3099999036639929       0.21148578693299949       0.17929999941991970       0.12338939047536268     
   5.3199999034404755       0.21274569086197984       0.17959999942321417       0.12305881379702688     
   5.3299999032169580       0.21399138293035747       0.17989999942650867       0.12279134113309965     
   5.3399999029934406       0.21522189168045919       0.18019999942980314       0.12258604448352162     
   5.3499999027699232       0.21643623038361215       0.18049999943309761       0.12244199584823337     
   5.3599999025464058       0.21763339695314346       0.18079999943639208       0.12235826722717558     
   5.3699999023228884       0.21881237385738067       0.18109999943968658       0.12233393062028883     
   5.3799999020993710       0.21997212803265109       0.18139999944298105       0.12236805802751380     
   5.3899999018758535       0.22111161079628264       0.18169999944627552       0.12245972144879105     
   5.3999999016523361       0.22222975775960313       0.18199999944956999       0.12260799288406128     
   5.4099999014288187       0.22332548874094055       0.18229999945286446       0.12281194433326509     
   5.4199999012053013       0.22439770767862319       0.18259999945615896       0.12307064779634305     
   5.4299999009817839       0.22544530254397921       0.18289999945945343       0.12338317527323589     
   5.4399999007582664       0.22646714525433748       0.18319999946274790       0.12374859876388418     
   5.4499999005347490       0.22746209158602626       0.18349999946604240       0.12416599026822854     
   5.4599999003112316       0.22842898108737464       0.18379999946933687       0.12463442178620959     
   5.4699999000877142       0.22936663699171159       0.18409999947263134       0.12515296531776801     
   5.4799998998641968       0.23027386613036602       0.18439999947592581       0.12572069286284437     
   5.4899998996406794       0.23114945884566740       0.18469999947922028       0.12633667642137936     
   5.4999998994171619       0.23199218890394507       0.18499999948251478       0.12699998799331352     
   5.5099998991936445       0.23280081340852854       0.18529999948580925       0.12770969957858758     
   5.5199998989701271       0.23357407271274755       0.18559999948910372       0.12846488317714208     
   5.5299998987466097       0.23431069033293200       0.18589999949239819       0.12926461078891771     
   5.5399998985230923       0.23500937286141185       0.18619999949569269       0.13010795441385500     
   5.5499998982995749       0.23566880987951716       0.18649999949898716       0.13099398605189472     
   5.5599998980760574       0.23628767387057820       0.18679999950228163       0.13192177770297739     
   5.5699998978525400       0.23686462013292542       0.18709999950557610       0.13289040136704366     
   5.5799998976290226       0.23739828669288915       0.18739999950887060       0.13389892904403419     
   5.5899998974055052       0.23788729421780030       0.18769999951216507       0.13494643273388957     
   5.5999998971819878       0.23833024592898949       0.18799999951545954       0.13603198443655043     
   5.6099998969584703       0.23872572751478771       0.18829999951875401       0.13715465615195743     
   5.6199998967349529       0.23907230704352592       0.18859999952204851       0.13831351988005117     
   5.6299998965114355       0.23936853487653525       0.18889999952534298       0.13950764762077228     
   5.6399998962879181       0.23961294358114721       0.18919999952863745       0.14073611137406142     
   5.6499998960644007       0.23980404784369291       0.18949999953193192       0.14199798313985915     
   5.6599998958408833       0.23994034438250403       0.18979999953522642       0.14329233491810611     
   5.6699998956173658       0.24002031186091222       0.19009999953852089       0.14461823870874302     
   5.6799998953938484       0.24004241080024907       0.19039999954181536       0.14597476651171037     
   5.6899998951703310       0.24000508349284666       0.19069999954510983       0.14736099032694888     
   5.6999998949468136       0.23990675391503688       0.19099999954840430       0.14877598215439919     
   5.7099998947232962       0.23974582764015173       0.19129999955169880       0.15021881399400186     
   5.7199998944997787       0.23952069175152360       0.19159999955499327       0.15168855784569757     
   5.7299998942762613       0.23922971475548471       0.19189999955828774       0.15318428570942694     
   5.7399998940527439       0.23887124649436736       0.19219999956158224       0.15470506958513053     
   5.7499998938292265       0.23844361805950420       0.19249999956487671       0.15624998147274910     
   5.7599998936057091       0.23794514170422787       0.19279999956817118       0.15781809337222311     
   5.7699998933821917       0.23737411075687109       0.19309999957146565       0.15940847728349331     
   5.7799998931586742       0.23672879953376652       0.19339999957476012       0.16102020520650032     
   5.7899998929351568       0.23600746325224722       0.19369999957805462       0.16265234914118470     
   5.7999998927116394       0.23520833794364621       0.19399999958134909       0.16430398108748712     
   5.8099998924881220       0.23432964036629647       0.19429999958464356       0.16597417304534820     
   5.8199998922646046       0.23336956791853131       0.19459999958793803       0.16766199701470860     
   5.8299998920410872       0.23232629855168407       0.19489999959123253       0.16936652499550894     
   5.8399998918175697       0.23119799068308805       0.19519999959452700       0.17108682898768970     
   5.8499998915940523       0.22998278310907666       0.19549999959782147       0.17282198099119184     
   5.8599998913705349       0.22867879491798354       0.19579999960111594       0.17457105300595560     
   5.8699998911470175       0.22728412540314233       0.19609999960441044       0.17633311703192181     
   5.8799998909235001       0.22579685397588670       0.19639999960770491       0.17810724506903117     
   5.8899998906999826       0.22421504007855048       0.19669999961099938       0.17989250911722418     
   5.8999998904764652       0.22253672309746747       0.19699999961429385       0.18168798117644139     
   5.9099998902529478       0.22075992227597180       0.19729999961758835       0.18349273324662366     
