  0.20000000298023224       0.20000000298023224        3.9992253666947574E-003   3.9748037226189133E-003
  0.20000000298023224       0.40000000596046448        1.5835875919527186E-002   1.5634462074276538E-002
  0.20000000298023224       0.60000000894069672        3.5033358259164725E-002   3.4567895361387282E-002
  0.20000000298023224       0.80000001192092896        6.0818699840429487E-002   6.0145875141855938E-002
  0.20000000298023224        1.0000000149011612        9.2153670587844766E-002   9.1588154540233599E-002
  0.20000000298023224        1.2000000178813934       0.12777658443523213       0.12669006409103881     
  0.20000000298023224        1.4000000208616257       0.16625309781804712       0.16417216552797023     
  0.20000000298023224        1.6000000238418579       0.20603395991695642       0.20398563692629698     
  0.20000000298023224        1.8000000268220901       0.24551738956026928       0.24343727754356792     
  0.20000000298023224        2.0000000298023224       0.28311356740980531       0.28199597234108420     
  0.20000000298023224        2.2000000327825546       0.31730864687972843       0.31508918588996970     
  0.20000000298023224        2.4000000357627869       0.34672570660025748       0.34572883260875753     
  0.20000000298023224        2.6000000387430191       0.37018019035922206       0.37115978805566785     
  0.20000000298023224        2.8000000417232513       0.38672760237777609       0.38576777578792842     
  0.20000000298023224        3.0000000447034836       0.39570153756834925       0.39499842673130953     
  0.40000000596046448       0.20000000298023224        7.8366145841268740E-003   7.7451081567763442E-003
  0.40000000596046448       0.40000000596046448        3.1030923442545467E-002   3.0899288421720003E-002
  0.40000000596046448       0.60000000894069672        6.8649026021660925E-002   6.7995145313915428E-002
  0.40000000596046448       0.80000001192092896       0.11917625701375655       0.11884673153335892     
  0.40000000596046448        1.0000000149011612       0.18057817019359168       0.17865556750444592     
  0.40000000596046448        1.2000000178813934       0.25038244991995440       0.24819865506081493     
  0.40000000596046448        1.4000000208616257       0.32577845246414716       0.32337870916601541     
  0.40000000596046448        1.6000000238418579       0.40373036952530217       0.40256885279456889     
  0.40000000596046448        1.8000000268220901       0.48109945783698477       0.47404427709602454     
  0.40000000596046448        2.0000000298023224       0.55477041374178515       0.55035793681047906     
  0.40000000596046448        2.2000000327825546       0.62177680470715468       0.61892598294888967     
  0.40000000596046448        2.4000000357627869       0.67942050769720375       0.67571508414865666     
  0.40000000596046448        2.6000000387430191       0.72538034557465192       0.72303206615928384     
  0.40000000596046448        2.8000000417232513       0.75780554757354290       0.75715359612139832     
  0.40000000596046448        3.0000000447034836       0.77539027084948664       0.77279852737750099     
  0.60000000894069672       0.20000000298023224        1.1356847489965679E-002   1.1306037014077043E-002
  0.60000000894069672       0.40000000596046448        4.4970115759374721E-002   4.4925816089332368E-002
  0.60000000894069672       0.60000000894069672        9.9486393071039445E-002   9.9276375566243552E-002
  0.60000000894069672       0.80000001192092896       0.17271062150633890       0.17129033043497283     
  0.60000000894069672        1.0000000149011612       0.26169447494069581       0.25812115959636428     
  0.60000000894069672        1.2000000178813934       0.36285506545958457       0.36088304478452821     
  0.60000000894069672        1.4000000208616257       0.47211919897737098       0.46585671519673916     
  0.60000000894069672        1.6000000238418579       0.58508737217388629       0.57935067917642136     
  0.60000000894069672        1.8000000268220901       0.69721090804015595       0.68959994072787378     
  0.60000000894069672        2.0000000298023224       0.80397509832526359       0.79637308762275327     
  0.60000000894069672        2.2000000327825546       0.90108097929944198       0.90127518682062724     
  0.60000000894069672        2.4000000357627869       0.98461842223313245       0.97390109102204747     
  0.60000000894069672        2.6000000387430191        1.0512235696261218        1.0424103584579183     
  0.60000000894069672        2.8000000417232513        1.0982142784302171        1.0999329807242009     
  0.60000000894069672        3.0000000447034836        1.1236981169237841        1.1343771397051767     
  0.80000001192092896       0.20000000298023224        1.4417373552046144E-002   1.4385632273601869E-002
  0.80000001192092896       0.40000000596046448        5.7088990422255209E-002   5.6811456296068902E-002
  0.80000001192092896       0.60000000894069672       0.12629671161104924       0.12520128426961599     
  0.80000001192092896       0.80000001192092896       0.21925393898817225       0.21764780040840734     
  0.80000001192092896        1.0000000149011612       0.33221781000935058       0.33230967874635065     
  0.80000001192092896        1.2000000178813934       0.46063989400273420       0.45875514246935478     
  0.80000001192092896        1.4000000208616257       0.59934932284364706       0.59183036655927368     
  0.80000001192092896        1.6000000238418579       0.74276098298132998       0.74382565144995050     
  0.80000001192092896        1.8000000268220901       0.88510038676292602       0.88805785080142075     
  0.80000001192092896        2.0000000298023224        1.0206361694422441        1.0180427135198775     
  0.80000001192092896        2.2000000327825546        1.1439108512007381        1.1378185060765293     
  0.80000001192092896        2.4000000357627869        1.2499605733108488        1.2500254757653206     
  0.80000001192092896        2.6000000387430191        1.3345149614279816        1.3346631333506203     
  0.80000001192092896        2.8000000417232513        1.3941690690403987        1.4051475867802736     
  0.80000001192092896        3.0000000447034836        1.4265204781287304        1.4209034111330372     
   1.0000000149011612       0.20000000298023224        1.6894151386223053E-002   1.6667704357043310E-002
   1.0000000149011612       0.40000000596046448        6.6896376319758824E-002   6.6385305963814284E-002
   1.0000000149011612       0.60000000894069672       0.14799337464876877       0.14760170553065893     
   1.0000000149011612       0.80000001192092896       0.25691983521965467       0.25209936642754210     
   1.0000000149011612        1.0000000149011612       0.38928990465818453       0.38959343845096644     
   1.0000000149011612        1.2000000178813934       0.53977377195109533       0.53426606720469461     
   1.0000000149011612        1.4000000208616257       0.70231225935835251       0.69226940640658952     
   1.0000000149011612        1.6000000238418579       0.87036077999696004       0.86924787393703651     
   1.0000000149011612        1.8000000268220901        1.0371528400785099        1.0383033126859997     
   1.0000000149011612        2.0000000298023224        1.1959724768569167        1.1925219918864516     
   1.0000000149011612        2.2000000327825546        1.3404246635328196        1.3359413177386690     
   1.0000000149011612        2.4000000357627869        1.4646927941550572        1.4672646066230435     
   1.0000000149011612        2.6000000387430191        1.5637728816663901        1.5735206725220188     
   1.0000000149011612        2.8000000417232513        1.6336750397242406        1.6387855301022927     
   1.0000000149011612        3.0000000447034836        1.6715841360463135        1.6685745239652354     
   1.2000000178813934       0.20000000298023224        1.8686643065981296E-002   1.8864275083551537E-002
   1.2000000178813934       0.40000000596046448        7.3994169823427991E-002   7.3747302720187632E-002
   1.2000000178813934       0.60000000894069672       0.16369566632668045       0.16243506623187270     
   1.2000000178813934       0.80000001192092896       0.28417936761449342       0.28233860028189683     
   1.2000000178813934        1.0000000149011612       0.43059407550174755       0.42731614486143565     
   1.2000000178813934        1.2000000178813934       0.59704447901738433       0.59499097049176353     
   1.2000000178813934        1.4000000208616257       0.77682851369466643       0.78126738350186831     
   1.2000000178813934        1.6000000238418579       0.96270720337544402       0.95588671240488787     
   1.2000000178813934        1.8000000268220901        1.1471961203816750        1.1477047378768768     
   1.2000000178813934        2.0000000298023224        1.3228667294876790        1.3305461762073776     
   1.2000000178813934        2.2000000327825546        1.4826454831405249        1.4788743015385486     
   1.2000000178813934        2.4000000357627869        1.6200986258481247        1.6212219630157714     
   1.2000000178813934        2.6000000387430191        1.7296912409456962        1.7193895731832736     
   1.2000000178813934        2.8000000417232513        1.8070101099025646        1.8202839354085203     
   1.2000000178813934        3.0000000447034836        1.8489414111990694        1.8583419689156877     
   1.4000000208616257       0.20000000298023224        1.9721862143242588E-002   1.9442178769373864E-002
   1.4000000208616257       0.40000000596046448        7.8093363880747960E-002   7.7530131184760570E-002
   1.4000000208616257       0.60000000894069672       0.17276422273074030       0.17496994653677150     
   1.4000000208616257       0.80000001192092896       0.29992258600207766       0.29983032720803932     
   1.4000000208616257        1.0000000149011612       0.45444850456861008       0.45337314237582027     
   1.4000000208616257        1.2000000178813934       0.63012007384038571       0.62929128154642122     
   1.4000000208616257        1.4000000208616257       0.81986394249254380       0.81462842047021500     
   1.4000000208616257        1.6000000238418579        1.0160401032029911        1.0179330179146147     
   1.4000000208616257        1.8000000268220901        1.2107494993907364        1.2107448851390148     
   1.4000000208616257        2.0000000298023224        1.3961520633063058        1.4107636781250308     
   1.4000000208616257        2.2000000327825546        1.5647823807921264        1.5658592183570448     
   1.4000000208616257        2.4000000357627869        1.7098502735143675        1.7096461021388198     
   1.4000000208616257        2.6000000387430191        1.8255141966299595        1.8253019057651114     
   1.4000000208616257        2.8000000417232513        1.9071164442489879        1.9305769871886762     
   1.4000000208616257        3.0000000447034836        1.9513706926303780        1.9739253644464012     
   1.6000000238418579       0.20000000298023224        1.9957312397745810E-002   1.9819947555997783E-002
   1.6000000238418579       0.40000000596046448        7.9025684686318459E-002   7.8227332460012983E-002
   1.6000000238418579       0.60000000894069672       0.17482677544080169       0.17629825049277786     
   1.6000000238418579       0.80000001192092896       0.30350322401144048       0.30604735063980876     
   1.6000000238418579        1.0000000149011612       0.45987395655088531       0.46776444284762708     
   1.6000000238418579        1.2000000178813934       0.63764278800783158       0.64057322451318299     
   1.6000000238418579        1.4000000208616257       0.82965192156448808       0.82027190560123298     
   1.6000000238418579        1.6000000238418579        1.0281701393601876        1.0227117491429178     
   1.6000000238418579        1.8000000268220901        1.2252040816051704        1.2359927535159922     
   1.6000000238418579        2.0000000298023224        1.4128200815818188        1.4148790189836264     
   1.6000000238418579        2.2000000327825546        1.5834635989815509        1.5803650690429607     
   1.6000000238418579        2.4000000357627869        1.7302633906499454        1.7337793466316362     
   1.6000000238418579        2.6000000387430191        1.8473081722228206        1.8722033295036904     
   1.6000000238418579        2.8000000417232513        1.9298846315988623        1.9268699311815787     
   1.6000000238418579        3.0000000447034836        1.9746672111271166        1.9774020087433044     
   1.8000000268220901       0.20000000298023224        1.9382698992143274E-002   1.9304326490032716E-002
   1.8000000268220901       0.40000000596046448        7.6750367403976713E-002   7.6392289992316814E-002
   1.8000000268220901       0.60000000894069672       0.16979314131089179       0.16970079981167294     
   1.8000000268220901       0.80000001192092896       0.29476472166779505       0.29515403423313596     
   1.8000000268220901        1.0000000149011612       0.44663320874601387       0.44572133058188462     
   1.8000000268220901        1.2000000178813934       0.61928369803254524       0.61743538375753326     
   1.8000000268220901        1.4000000208616257       0.80576448088040253       0.79815191621058057     
   1.8000000268220901        1.6000000238418579       0.99856693760926674       0.99005195156763848     
   1.8000000268220901        1.8000000268220901        1.1899278542325502        1.1966605835171398     
   1.8000000268220901        2.0000000298023224        1.3721419911455004        1.3750123950893127     
   1.8000000268220901        2.2000000327825546        1.5378723192979589        1.5616230157285085     
   1.8000000268220901        2.4000000357627869        1.6804454332177923        1.6984702827713927     
   1.8000000268220901        2.6000000387430191        1.7941202469710149        1.7983648759056401     
   1.8000000268220901        2.8000000417232513        1.8743191547209037        1.9132158593262782     
   1.8000000268220901        3.0000000447034836        1.9178123486835250        1.9185340600051513     
   2.0000000298023224       0.20000000298023224        1.8020343133612983E-002   1.8665182872512280E-002
   2.0000000298023224       0.40000000596046448        7.1355798117236274E-002   7.2131231447209704E-002
   2.0000000298023224       0.60000000894069672       0.15785885491987459       0.15909629898084482     
   2.0000000298023224       0.80000001192092896       0.27404653140879764       0.27332609372409744     
   2.0000000298023224        1.0000000149011612       0.41524060605451424       0.41481991379747335     
   2.0000000298023224        1.2000000178813934       0.57575597392926681       0.57962933193110788     
   2.0000000298023224        1.4000000208616257       0.74912954260024511       0.75560533275868269     
   2.0000000298023224        1.6000000238418579       0.92838045232473898       0.93653717818731819     
   2.0000000298023224        1.8000000268220901        1.1062911437775673        1.1174457196565095     
   2.0000000298023224        2.0000000298023224        1.2756979571577698        1.2647508358812458     
   2.0000000298023224        2.2000000327825546        1.4297795627259129        1.4464100465851522     
   2.0000000298023224        2.4000000357627869        1.5623316100700195        1.5766258330434504     
   2.0000000298023224        2.6000000387430191        1.6680165381758996        1.6882499216694757     
   2.0000000298023224        2.8000000417232513        1.7425784883552773        1.7643862768874894     
   2.0000000298023224        3.0000000447034836        1.7830146670062010        1.7577494235310400     
   2.2000000327825546       0.20000000298023224        1.5924283540547646E-002   1.5916183331326019E-002
   2.2000000327825546       0.40000000596046448        6.3055955874748909E-002   6.3974774713009511E-002
   2.2000000327825546       0.60000000894069672       0.13949729738726793       0.14316293595391621     
   2.2000000327825546       0.80000001192092896       0.24217045353132799       0.24922420026136757     
   2.2000000327825546        1.0000000149011612       0.36694135618466345       0.37387212415345067     
   2.2000000327825546        1.2000000178813934       0.50878617077562804       0.51441932378091737     
   2.2000000327825546        1.4000000208616257       0.66199356785361563       0.67172114956609474     
   2.2000000327825546        1.6000000238418579       0.82039467543461719       0.82708566947604212     
   2.2000000327825546        1.8000000268220901       0.97761145397116178       0.98558906064277330     
   2.2000000327825546        2.0000000298023224        1.1273134940469114        1.1647009297681561     
   2.2000000327825546        2.2000000327825546        1.2634728977417908        1.2791918288860242     
   2.2000000327825546        2.4000000357627869        1.3806069817121860        1.4399024944286452     
   2.2000000327825546        2.6000000387430191        1.4739990302787318        1.4839514412043771     
   2.2000000327825546        2.8000000417232513        1.5398882104785028        1.5657632132300148     
   2.2000000327825546        3.0000000447034836        1.5756210025435227        1.6054975444507225     
   2.4000000357627869       0.20000000298023224        1.3178100883312727E-002   1.2959408975102166E-002
   2.4000000357627869       0.40000000596046448        5.2181798050463031E-002   5.3440384085132291E-002
   2.4000000357627869       0.60000000894069672       0.11544063839594847       0.12251915157858753     
   2.4000000357627869       0.80000001192092896       0.20040755111320352       0.19736465731472158     
   2.4000000357627869        1.0000000149011612       0.30366139850175244       0.31930289751270341     
   2.4000000357627869        1.2000000178813934       0.42104471886871470       0.41116429980146435     
   2.4000000357627869        1.4000000208616257       0.54783111585937105       0.54933408565642916     
   2.4000000357627869        1.6000000238418579       0.67891555494360056       0.69609662586701060     
   2.4000000357627869        1.8000000268220901       0.80901990549906144       0.84888025568716274     
   2.4000000357627869        2.0000000298023224       0.93290545309890138       0.96411230094167177     
   2.4000000357627869        2.2000000327825546        1.0455838259458856        1.0869214560958407     
   2.4000000357627869        2.4000000357627869        1.1425178431973120        1.1719585671814297     
   2.4000000357627869        2.6000000387430191        1.2198041986289887        1.2066786531994094     
   2.4000000357627869        2.8000000417232513        1.2743306243598782        1.2999251271057126     
   2.4000000357627869        3.0000000447034836        1.3039012067648073        1.3527202025868201     
   2.6000000387430191       0.20000000298023224        9.8915527826295216E-003   1.0539466572936456E-002
   2.6000000387430191       0.40000000596046448        3.9167935826190117E-002   4.3493260227132173E-002
   2.6000000387430191       0.60000000894069672        8.6650358656756105E-002   9.2160702056928431E-002
   2.6000000387430191       0.80000001192092896       0.15042697634709734       0.15223897842387474     
   2.6000000387430191        1.0000000149011612       0.22792986469929402       0.24172342233705738     
   2.6000000387430191        1.2000000178813934       0.31603841080098505       0.32687810963125830     
   2.6000000387430191        1.4000000208616257       0.41120495634933169       0.40749028720102959     
   2.6000000387430191        1.6000000238418579       0.50959763520830914       0.51561398184283747     
   2.6000000387430191        1.8000000268220901       0.60725465439220183       0.66719371673886219     
   2.6000000387430191        2.0000000298023224       0.70024380692181232       0.72714442992574824     
   2.6000000387430191        2.2000000327825546       0.78482079433037888       0.78662679647176870     
   2.6000000387430191        2.4000000357627869       0.85757998448720352       0.89408300290554132     
   2.6000000387430191        2.6000000387430191       0.91559153492975243       0.95454386178442430     
   2.6000000387430191        2.8000000417232513       0.95651936079336530        1.0471501552464850     
   2.6000000387430191        3.0000000447034836       0.97871519760335246       0.94585686247298328     
   2.8000000417232513       0.20000000298023224        6.1961548378638570E-003   6.8695974815032607E-003
   2.8000000417232513       0.40000000596046448        2.4535136231065843E-002   2.9039838398686787E-002
   2.8000000417232513       0.60000000894069672        5.4278539557160992E-002   5.0191510394029228E-002
   2.8000000417232513       0.80000001192092896        9.4228768497816001E-002  0.10485579201320543     
   2.8000000417232513        1.0000000149011612       0.14277725296379148       0.15957883313994894     
   2.8000000417232513        1.2000000178813934       0.19796921384013247       0.22832479049719137     
   2.8000000417232513        1.4000000208616257       0.25758236705887577       0.28298859801558179     
   2.8000000417232513        1.6000000238418579       0.31921639828934484       0.33948891335910802     
   2.8000000417232513        1.8000000268220901       0.38038960589031034       0.40942124839943145     
   2.8000000417232513        2.0000000298023224       0.43863882115274289       0.48895613697424817     
   2.8000000417232513        2.2000000327825546       0.49161858289691523       0.53349900321899557     
   2.8000000417232513        2.4000000357627869       0.53719557348638880       0.63862479894033131     
   2.8000000417232513        2.6000000387430191       0.57353451407797740       0.66125247270363785     
   2.8000000417232513        2.8000000417232513       0.59917206076060325       0.60794421754139927     
   2.8000000417232513        3.0000000447034836       0.61307572630763152       0.70788013918820947     
   3.0000000447034836       0.20000000298023224        2.2398855924273728E-003   3.5745962523070066E-003
   3.0000000447034836       0.40000000596046448        8.8693552033879981E-003   1.0890363531328053E-002
   3.0000000447034836       0.60000000894069672        1.9621478467442319E-002   1.9031472472417748E-002
   3.0000000447034836       0.80000001192092896        3.4063329027973911E-002   3.7862320519240954E-002
   3.0000000447034836        1.0000000149011612        5.1613415127343992E-002   5.3739704652609618E-002
   3.0000000447034836        1.2000000178813934        7.1565091807418213E-002   8.0924726499721975E-002
   3.0000000447034836        1.4000000208616257        9.3115012122169383E-002   9.4589826289688178E-002
   3.0000000447034836        1.6000000238418579       0.11539547188613410       0.13107479488412974     
   3.0000000447034836        1.8000000268220901       0.13750934572135123       0.24527672382612220     
   3.0000000447034836        2.0000000298023224       0.15856620783191080       0.19126726657299728     
   3.0000000447034836        2.2000000327825546       0.17771818323055691       0.18476313206597350     
   3.0000000447034836        2.4000000357627869       0.19419408598619983       0.27808902953256676     
   3.0000000447034836        2.6000000387430191       0.20733047001872276       0.33646567577386610     
   3.0000000447034836        2.8000000417232513       0.21659834226243346       0.38066440582026950     
   3.0000000447034836        3.0000000447034836       0.22162446264768254       0.28771510621343510     
   3.2000000476837158       0.20000000298023224       -1.8187713838928653E-003  -1.4782880707325922E-003
   3.2000000476837158       0.40000000596046448       -7.2018541893575216E-003  -6.6375125365070037E-003
   3.2000000476837158       0.60000000894069672       -1.5932502832689873E-002  -8.2092684389937463E-003
   3.2000000476837158       0.80000001192092896       -2.7659184150143783E-002  -1.5107473229215318E-002
   3.2000000476837158        1.0000000149011612       -4.1909730914806313E-002  -1.8819891305916586E-002
   3.2000000476837158        1.2000000178813934       -5.8110352379173467E-002  -2.2589183868406741E-002
   3.2000000476837158        1.4000000208616257       -7.5608736460106393E-002  -2.2810644362280547E-002
   3.2000000476837158        1.6000000238418579       -9.3700313447642916E-002  -9.7684363919795389E-002
   3.2000000476837158        1.8000000268220901      -0.11165662382995829       -5.7222357077305601E-002
   3.2000000476837158        2.0000000298023224      -0.12875464810883996       -5.4995193460082692E-002
   3.2000000476837158        2.2000000327825546      -0.14430591774415630      -0.12094944344923095     
   3.2000000476837158        2.4000000357627869      -0.15768423517120819      -0.11137574879451080     
   3.2000000476837158        2.6000000387430191      -0.16835088682831051       -6.6436124716972508E-002
   3.2000000476837158        2.8000000417232513      -0.17587633405804451       -4.3524170193931754E-002
   3.2000000476837158        3.0000000447034836      -0.17995750854284551      -0.19605492151422790     
   3.4000000506639481       0.20000000298023224       -5.8172084256304275E-003  -5.3494974546993762E-003
   3.4000000506639481       0.40000000596046448       -2.3034608550317488E-002  -2.2484773886746533E-002
   3.4000000506639481       0.60000000894069672       -5.0958955336837655E-002  -4.4952547597305402E-002
   3.4000000506639481       0.80000001192092896       -8.8465895444157672E-002  -7.5160791669581506E-002
   3.4000000506639481        1.0000000149011612      -0.13404523622519376      -0.13912238325592799     
   3.4000000506639481        1.2000000178813934      -0.18586174956908166      -0.14872994112257085     
   3.4000000506639481        1.4000000208616257      -0.24182906256509115      -0.24405157124865673     
   3.4000000506639481        1.6000000238418579      -0.29969366007134873      -0.24426963264452264     
   3.4000000506639481        1.8000000268220901      -0.35712561714649815      -0.29918170540734212     
   3.4000000506639481        2.0000000298023224      -0.41181240833841515      -0.32227105357572955     
   3.4000000506639481        2.2000000327825546      -0.46155201692965270      -0.35907087173767888     
   3.4000000506639481        2.4000000357627869      -0.50434159540369072      -0.36456446681715476     
   3.4000000506639481        2.6000000387430191      -0.53845810748567646      -0.42035603647259301     
   3.4000000506639481        2.8000000417232513      -0.56252770491781889      -0.39085975783866794     
   3.4000000506639481        3.0000000447034836      -0.57558104565634771      -0.59422364436359598     
   3.6000000536441803       0.20000000298023224       -9.5952408121305066E-003  -8.6357121722940126E-003
   3.6000000536441803       0.40000000596046448       -3.7994618703987716E-002  -3.8382865148539551E-002
   3.6000000536441803       0.60000000894069672       -8.4054655122411420E-002  -8.8143827419146767E-002
   3.6000000536441803       0.80000001192092896      -0.14592077648575022      -0.14168617735673594     
   3.6000000536441803        1.0000000149011612      -0.22110198349309945      -0.17970231603866987     
   3.6000000536441803        1.2000000178813934      -0.30657114450663792      -0.25178306527286581     
   3.6000000536441803        1.4000000208616257      -0.39888687509633303      -0.36210413686981596     
   3.6000000536441803        1.6000000238418579      -0.49433209674650896      -0.45899617999067754     
   3.6000000536441803        1.8000000268220901      -0.58906369618859988      -0.54459880147117612     
   3.6000000536441803        2.0000000298023224      -0.67926725988027725      -0.61723403376841102     
   3.6000000536441803        2.2000000327825546      -0.76131065379258678      -0.69882685017208179     
   3.6000000536441803        2.4000000357627869      -0.83189026512281516      -0.76959780519923615     
   3.6000000536441803        2.6000000387430191      -0.88816401795147915      -0.82575615001344904     
   3.6000000536441803        2.8000000417232513      -0.92786580731744983      -0.84374493010336715     
   3.6000000536441803        3.0000000447034836      -0.94939674425916376      -0.88473113281435445     
   3.8000000566244125       0.20000000298023224       -1.3001556324268837E-002  -1.2247421377313350E-002
   3.8000000566244125       0.40000000596046448       -5.1482728236950895E-002  -4.4303131367154761E-002
   3.8000000566244125       0.60000000894069672      -0.11389410169981753      -0.10226202226079711     
   3.8000000566244125       0.80000001192092896      -0.19772272853871961      -0.17965561147249695     
   3.8000000566244125        1.0000000149011612      -0.29959330339670742      -0.31409752838383903     
   3.8000000566244125        1.2000000178813934      -0.41540406131959767      -0.40501543437157472     
   3.8000000566244125        1.4000000208616257      -0.54049192460288420      -0.48285611190350536     
   3.8000000566244125        1.6000000238418579      -0.66982024991164257      -0.68550653619150648     
   3.8000000566244125        1.8000000268220901      -0.79818161675481281      -0.66464699103793934     
   3.8000000566244125        2.0000000298023224      -0.92040749278540213      -0.88490799874207593     
   3.8000000566244125        2.2000000327825546       -1.0315763344924913       -1.0075643205599880     
   3.8000000566244125        2.4000000357627869       -1.1272117447986876       -1.1478922089242618     
   3.8000000566244125        2.6000000387430191       -1.2034627093450716       -1.1590168250467505     
   3.8000000566244125        2.8000000417232513       -1.2572586547228382       -1.1785997192019195     
   3.8000000566244125        3.0000000447034836       -1.2864330855519404       -1.1506053337316076     
   4.0000000596046448       0.20000000298023224       -1.5899807645832719E-002  -1.5465777191398408E-002
   4.0000000596046448       0.40000000596046448       -6.2959037797825898E-002  -6.1424104221395777E-002
   4.0000000596046448       0.60000000894069672      -0.13928288766797683      -0.13289274423690958     
   4.0000000596046448       0.80000001192092896      -0.24179823342430820      -0.22229678416081655     
   4.0000000596046448        1.0000000149011612      -0.36637736107758800      -0.37414520362399256     
   4.0000000596046448        1.2000000178813934      -0.50800415777537666      -0.50524688984376620     
   4.0000000596046448        1.4000000208616257      -0.66097607247761825      -0.59342536390548928     
   4.0000000596046448        1.6000000238418579      -0.81913371486144704      -0.76203593776275047     
   4.0000000596046448        1.8000000268220901      -0.97610884853471258      -0.97392322370324758     
   4.0000000596046448        2.0000000298023224       -1.1255807940280553       -1.0330161608581807     
   4.0000000596046448        2.2000000327825546       -1.2615309184030388       -1.2050269149689163     
   4.0000000596046448        2.4000000357627869       -1.3784849652936038       -1.3296612398863623     
   4.0000000596046448        2.6000000387430191       -1.4717334686926706       -1.4395379444392640     
   4.0000000596046448        2.8000000417232513       -1.5375213761015492       -1.5058880381899302     
   4.0000000596046448        3.0000000447034836       -1.5731992462572497       -1.5055952238910895     
   4.2000000625848770       0.20000000298023224       -1.8174102314514867E-002  -1.7989422555825012E-002
   4.2000000625848770       0.40000000596046448       -7.1964643852844637E-002  -6.7462310251830929E-002
   4.2000000625848770       0.60000000894069672      -0.15920579088278081      -0.14429635839749080     
   4.2000000625848770       0.80000001192092896      -0.27638484260997231      -0.25674170234227983     
   4.2000000625848770        1.0000000149011612      -0.41878366042316495      -0.40974781227325063     
   4.2000000625848770        1.2000000178813934      -0.58066863104652144      -0.53777482739999372     
   4.2000000625848770        1.4000000208616257      -0.75552151549474666      -0.70477520425077744     
   4.2000000625848770        1.6000000238418579      -0.93630188960571892      -0.90070105404383027     
   4.2000000625848770        1.8000000268220901       -1.1157306099877744       -1.1044020756123589     
   4.2000000625848770        2.0000000298023224       -1.2865828926729457       -1.2021019403107109     
   4.2000000625848770        2.2000000327825546       -1.4419792046974893       -1.4182448202599773     
   4.2000000625848770        2.4000000357627869       -1.5756622568218839       -1.4620050552907360     
   4.2000000625848770        2.6000000387430191       -1.6822489451139346       -1.6404732631208421     
   4.2000000625848770        2.8000000417232513       -1.7574470976287067       -1.6652447275337570     
   4.2000000625848770        3.0000000447034836       -1.7982282993272931       -1.6761970498213394     
   4.4000000655651093       0.20000000298023224       -1.9733669179861846E-002  -1.8407697011544842E-002
   4.4000000655651093       0.40000000596046448       -7.8140116626526132E-002  -7.2489806938607279E-002
   4.4000000655651093       0.60000000894069672      -0.17286765279679817      -0.16804334480193961     
   4.4000000655651093       0.80000001192092896      -0.30010214292881138      -0.28912927503229652     
   4.4000000655651093        1.0000000149011612      -0.45472057269767180      -0.40061558957368637     
   4.4000000655651093        1.2000000178813934      -0.63049731259869579      -0.64568294651039315     
   4.4000000655651093        1.4000000208616257      -0.82035477665015888      -0.77849090810449273     
   4.4000000655651093        1.6000000238418579       -1.0166483836289564      -0.93275772253772560     
   4.4000000655651093        1.8000000268220901       -1.2114743479659948       -1.2140885536156234     
   4.4000000655651093        2.0000000298023224       -1.3969879082390853       -1.3634159817578859     
   4.4000000655651093        2.2000000327825546       -1.5657191809145932       -1.5067590786170635     
   4.4000000655651093        2.4000000357627869       -1.7108739225312004       -1.6061226764965433     
   4.4000000655651093        2.6000000387430191       -1.8266070910438825       -1.7438624445974800     
   4.4000000655651093        2.8000000417232513       -1.9082581920986965       -1.7579103773866032     
   4.4000000655651093        3.0000000447034836       -1.9525389345062374       -1.8702415514844086     
   4.6000000685453415       0.20000000298023224       -2.0516513477476520E-002  -1.9975935758182021E-002
   4.6000000685453415       0.40000000596046448       -8.1239973229902118E-002  -7.7997153753668932E-002
   4.6000000685453415       0.60000000894069672      -0.17972539704094209      -0.17503096468263493     
   4.6000000685453415       0.80000001192092896      -0.31200734155926002      -0.28696285879442757     
   4.6000000685453415        1.0000000149011612      -0.47275955997874797      -0.44113904416829902     
   4.6000000685453415        1.2000000178813934      -0.65550944903062225      -0.59693454382023836     
   4.6000000685453415        1.4000000208616257      -0.85289865143939858      -0.82323295466076207     
   4.6000000685453415        1.6000000238418579       -1.0569793217099153      -0.94817540230215669     
   4.6000000685453415        1.8000000268220901       -1.2595341272380411       -1.2344664160256200     
   4.6000000685453415        2.0000000298023224       -1.4524071010832502       -1.4068855145629433     
   4.6000000685453415        2.2000000327825546       -1.6278320257825911       -1.6162814361811721     
   4.6000000685453415        2.4000000357627869       -1.7787451269171530       -1.6999403486961397     
   4.6000000685453415        2.6000000387430191       -1.8990694867683187       -1.8764090283085684     
   4.6000000685453415        2.8000000417232513       -1.9839597268941382       -1.9399590443705594     
   4.6000000685453415        3.0000000447034836       -2.0299971079871661       -1.9662258443168261     
   4.8000000715255737       0.20000000298023224       -2.0491913345743538E-002  -1.8955748843938601E-002
   4.8000000715255737       0.40000000596046448       -8.1142563207208432E-002  -7.4956670898639235E-002
   4.8000000715255737       0.60000000894069672      -0.17950989900089578      -0.17287754961693119     
   4.8000000715255737       0.80000001192092896      -0.31163323210287158      -0.30197804280277851     
   4.8000000715255737        1.0000000149011612      -0.47219270209296621      -0.44746106680430392     
   4.8000000715255737        1.2000000178813934      -0.65472346661620928      -0.64583863441212019     
   4.8000000715255737        1.4000000208616257      -0.85187599136592462      -0.84778833948754562     
   4.8000000715255737        1.6000000238418579       -1.0557119606360310       -1.0087700593915521     
   4.8000000715255737        1.8000000268220901       -1.2580238947374585       -1.2303240730370546     
   4.8000000715255737        2.0000000298023224       -1.4506656060648322       -1.3288512672013439     
   4.8000000715255737        2.2000000327825546       -1.6258801891648602       -1.5813305605776387     
   4.8000000715255737        2.4000000357627869       -1.7766123393706903       -1.8787777567102295     
   4.8000000715255737        2.6000000387430191       -1.8967924254344926       -1.9092137400174916     
   4.8000000715255737        2.8000000417232513       -1.9815808787195761       -2.0063162977716815     
   4.8000000715255737        3.0000000447034836       -2.0275630591255558       -1.9435687615997765     
   5.0000000745058060       0.20000000298023224       -1.9661657254146252E-002  -1.9444467998620225E-002
   5.0000000745058060       0.40000000596046448       -7.7854968425113302E-002  -7.9164181541714548E-002
   5.0000000745058060       0.60000000894069672      -0.17223682573375240      -0.16909340662304562     
   5.0000000745058060       0.80000001192092896      -0.29900701292401116      -0.30406294543926926     
   5.0000000745058060        1.0000000149011612      -0.45306121052817427      -0.43942991312381929     
   5.0000000745058060        1.2000000178813934      -0.62819650755199830      -0.59920683138679842     
   5.0000000745058060        1.4000000208616257      -0.81736114547604233      -0.77397666031255796     
   5.0000000745058060        1.6000000238418579       -1.0129384396132981       -1.0098054361924369     
   5.0000000745058060        1.8000000268220901       -1.2070534468169571       -1.2289468578717500     
   5.0000000745058060        2.0000000298023224       -1.3918900326967016       -1.3140028899139200     
   5.0000000745058060        2.2000000327825546       -1.5600055727497990       -1.5649316689487716     
   5.0000000745058060        2.4000000357627869       -1.7046306170062482       -1.7186710817733823     
   5.0000000745058060        2.6000000387430191       -1.8199414530951967       -1.8475948438534957     
   5.0000000745058060        2.8000000417232513       -1.9012945936962409       -2.0021153368998488     
   5.0000000745058060        3.0000000447034836       -1.9454137472221675       -1.8501934610708604     
   5.2000000774860382       0.20000000298023224       -1.8059972503152250E-002  -1.7979942743869517E-002
   5.2000000774860382       0.40000000596046448       -7.1512719951154144E-002  -7.3613459090310585E-002
   5.2000000774860382       0.60000000894069672      -0.15820600962443546      -0.15371082067521658     
   5.2000000774860382       0.80000001192092896      -0.27464919980326413      -0.26994127105029936     
   5.2000000774860382        1.0000000149011612      -0.41615378086494625      -0.42161316885897282     
   5.2000000774860382        1.2000000178813934      -0.57702214550469288      -0.58536872029744114     
   5.2000000774860382        1.4000000208616257      -0.75077698800437731      -0.77350630208110016     
   5.2000000774860382        1.6000000238418579      -0.93042209668995568      -0.90420990776614985     
   5.2000000774860382        1.8000000268220901       -1.1087240397679199       -1.1230748541773763     
   5.2000000774860382        2.0000000298023224       -1.2785034035019145       -1.1584246688493725     
   5.2000000774860382        2.2000000327825546       -1.4329238570509646       -1.4283588578328139     
   5.2000000774860382        2.4000000357627869       -1.5657674057293558       -1.5658860726801822     
   5.2000000774860382        2.6000000387430191       -1.6716847504456942       -1.6398796414118635     
   5.2000000774860382        2.8000000417232513       -1.7464106732561933       -1.7390744525225417     
   5.2000000774860382        3.0000000447034836       -1.7869357769766729       -1.8689597182596605     
   5.4000000804662704       0.20000000298023224       -1.5752147653888545E-002  -1.5019058960055042E-002
   5.4000000804662704       0.40000000596046448       -6.2374343239179446E-002  -6.2713018757168060E-002
   5.4000000804662704       0.60000000894069672      -0.13798938082002374      -0.12968569862776250     
   5.4000000804662704       0.80000001192092896      -0.23955267637136471      -0.24358886019579851     
   5.4000000804662704        1.0000000149011612      -0.36297484958875237      -0.36901451118866785     
   5.4000000804662704        1.2000000178813934      -0.50328637177975077      -0.50522697304530506     
   5.4000000804662704        1.4000000208616257      -0.65483765095004909      -0.65829468109063982     
   5.4000000804662704        1.6000000238418579      -0.81152649844525737      -0.80981351282168146     
   5.4000000804662704        1.8000000268220901      -0.96704381907512327      -0.98517289662323937     
   5.4000000804662704        2.0000000298023224       -1.1151276329156246       -1.0854912849813145     
   5.4000000804662704        2.2000000327825546       -1.2498152014963895       -1.1023953757849136     
   5.4000000804662704        2.4000000357627869       -1.3656831073463640       -1.5301315062363126     
   5.4000000804662704        2.6000000387430191       -1.4580656208185456       -1.4225014761147496     
   5.4000000804662704        2.8000000417232513       -1.5232425622274237       -1.3735171251718872     
   5.4000000804662704        3.0000000447034836       -1.5585890954174724       -1.5862159865429419     
   5.6000000834465027       0.20000000298023224       -1.2831904329825285E-002  -1.4224615581408279E-002
   5.6000000834465027       0.40000000596046448       -5.0810951158348966E-002  -5.1896170579412190E-002
   5.6000000834465027       0.60000000894069672      -0.11240794411784652      -0.11218756993493474     
   5.6000000834465027       0.80000001192092896      -0.19514272546779443      -0.20702437794779205     
   5.6000000834465027        1.0000000149011612      -0.29568403283128164      -0.27430196261160522     
   5.6000000834465027        1.2000000178813934      -0.40998362350853229      -0.44778939847294807     
   5.6000000834465027        1.4000000208616257      -0.53343926639008155      -0.53899703608877980     
   5.6000000834465027        1.6000000238418579      -0.66108003924131475      -0.59674564663023011     
   5.6000000834465027        1.8000000268220901      -0.78776647107276165      -0.75241886948113168     
   5.6000000834465027        2.0000000298023224      -0.90839747160351825      -0.87937203110194984     
   5.6000000834465027        2.2000000327825546       -1.0181157165324097       -1.0893361329174109     
   5.6000000834465027        2.4000000357627869       -1.1125032194578919       -1.0874093047095563     
   5.6000000834465027        2.6000000387430191       -1.1877592163334114       -1.2282515951503556     
   5.6000000834465027        2.8000000417232513       -1.2408532004075790       -1.2994603911303919     
   5.6000000834465027        3.0000000447034836       -1.2696469460130266       -1.2149920649682948     
   5.8000000864267349       0.20000000298023224       -9.4176241854127193E-003  -9.7368657739510395E-003
   5.8000000864267349       0.40000000596046448       -3.7291303785711508E-002  -3.4950215759410312E-002
   5.8000000864267349       0.60000000894069672       -8.2498727074845207E-002  -7.7321852072353356E-002
   5.8000000864267349       0.80000001192092896      -0.14321965031342285      -0.13125203204286731     
   5.8000000864267349        1.0000000149011612      -0.21700918486120077      -0.19033929144167594     
   5.8000000864267349        1.2000000178813934      -0.30089623403775390      -0.32064295787498548     
   5.8000000864267349        1.4000000208616257      -0.39150311656606340      -0.40601582415359594     
   5.8000000864267349        1.6000000238418579      -0.48518156043152533      -0.55516908456229386     
   5.8000000864267349        1.8000000268220901      -0.57815959188446009      -0.49617935137385316     
   5.8000000864267349        2.0000000298023224      -0.66669340564338064      -0.69325362580886407     
   5.8000000864267349        2.2000000327825546      -0.74721810178077253      -0.79886351646483267     
   5.8000000864267349        2.4000000357627869      -0.81649122036891864      -0.80123517057439431     
   5.8000000864267349        2.6000000387430191      -0.87172329489623801      -0.90447353369576067     
   5.8000000864267349        2.8000000417232513      -0.91069016806365677      -0.97366466702558840     
   5.8000000864267349        3.0000000447034836      -0.93182254779722240      -0.96041794029161975     
   6.0000000894069672       0.20000000298023224       -5.6475829308339637E-003  -4.7442050620420820E-003
   6.0000000894069672       0.40000000596046448       -2.2362936403316904E-002  -2.0858732984389838E-002
   6.0000000894069672       0.60000000894069672       -4.9473029892729656E-002  -4.7366243869846295E-002
   6.0000000894069672       0.80000001192092896       -8.5886295369794460E-002  -7.6331555479053542E-002
   6.0000000894069672        1.0000000149011612      -0.13013657628795733      -0.10286707071154087     
   6.0000000894069672        1.2000000178813934      -0.18044215843056927      -0.16666525528951445     
   6.0000000894069672        1.4000000208616257      -0.23477750597772912      -0.26205992137466616     
   6.0000000894069672        1.6000000238418579      -0.29095481462221723      -0.35629782273661253     
   6.0000000894069672        1.8000000268220901      -0.34671209831054151      -0.32784311880376127     
   6.0000000894069672        2.0000000298023224      -0.39980426312223394      -0.43016595860362888     
   6.0000000894069672        2.2000000327825546      -0.44809350151853472      -0.41562477284632648     
   6.0000000894069672        2.4000000357627869      -0.48963536753501630      -0.44177747778037607     
   6.0000000894069672        2.6000000387430191      -0.52275706736013527      -0.42447291811309967     
   6.0000000894069672        2.8000000417232513      -0.54612481313504857      -0.64305217068213005     
   6.0000000894069672        3.0000000447034836      -0.55879752811298689      -0.69503737245679398     
   6.2000000923871994       0.20000000298023224       -1.6743832819137499E-003  -1.3281057276535860E-003
   6.2000000923871994       0.40000000596046448       -6.6301154505913297E-003  -9.3876989768835808E-003
   6.2000000923871994       0.60000000894069672       -1.4667657858683035E-002  -1.9645624396295785E-002
   6.2000000923871994       0.80000001192092896       -2.5463384756611879E-002  -4.8870599936436457E-002
   6.2000000923871994        1.0000000149011612       -3.8582613194115850E-002  -6.0163787197479376E-002
   6.2000000923871994        1.2000000178813934       -5.3497104359296339E-002  -3.5737640949127382E-002
   6.2000000923871994        1.4000000208616257       -6.9606331733933505E-002  -4.0988441474852547E-002
   6.2000000923871994        1.6000000238418579       -8.6261659786519673E-002  -8.6256800705272044E-002
   6.2000000923871994        1.8000000268220901      -0.10279245974042008      -0.16283663062616224     
   6.2000000923871994        2.0000000298023224      -0.11853311096236711      -0.16608194202455609     
   6.2000000923871994        2.2000000327825546      -0.13284980085561698       -7.1173831367817186E-002
   6.2000000923871994        2.4000000357627869      -0.14516604424846219       -3.7960916729548066E-003
   6.2000000923871994        2.6000000387430191      -0.15498589481728192      -0.12953727532484297     
   6.2000000923871994        2.8000000417232513      -0.16191391399657609      -0.13011111371084796     
   6.2000000923871994        3.0000000447034836      -0.16567109336965788      -0.23757608544191078     
   6.4000000953674316       0.20000000298023224        2.3411890399052198E-003   1.5595730619991414E-003
   6.4000000953674316       0.40000000596046448        9.2704900926187644E-003   7.9577948087900217E-003
   6.4000000953674316       0.60000000894069672        2.0508900316165188E-002   1.0453373648928162E-003
   6.4000000953674316       0.80000001192092896        3.5603913366195387E-002   2.7316663554764878E-002
   6.4000000953674316        1.0000000149011612        5.3947738320531652E-002   2.9392178831958871E-002
   6.4000000953674316        1.2000000178813934        7.4801770744795215E-002   8.3621573143312783E-002
   6.4000000953674316        1.4000000208616257        9.7326330669775821E-002   5.0119107799075774E-002
   6.4000000953674316        1.6000000238418579       0.12061447019788286       0.14573505090177097     
   6.4000000953674316        1.8000000268220901       0.14372848960489076       0.19477483881958185     
   6.4000000953674316        2.0000000298023224       0.16573769175105352       0.15962943403230898     
   6.4000000953674316        2.2000000327825546       0.18575585475341577       0.15558724676949182     
   6.4000000953674316        2.4000000357627869       0.20297691420595562       0.42617194065904768     
   6.4000000953674316        2.6000000387430191       0.21670741831067961        6.3844251697472890E-002
   6.4000000953674316        2.8000000417232513       0.22639444919904134       0.26386263936295495     
   6.4000000953674316        3.0000000447034836       0.23164788624909630       0.17117496435640403     
   6.6000000983476639       0.20000000298023224        6.2366388995531413E-003   6.5022271164834073E-003
   6.6000000983476639       0.40000000596046448        2.4695442420101521E-002   1.6093763895900708E-002
   6.6000000983476639       0.60000000894069672        5.4633181395742185E-002   6.8849816319660834E-002
   6.6000000983476639       0.80000001192092896        9.4844434725756599E-002   9.1279405503297661E-002
   6.6000000983476639        1.0000000149011612       0.14371012234295699       0.14331938417021672     
   6.6000000983476639        1.2000000178813934       0.19926269311484573       0.12959814686916127     
   6.6000000983476639        1.4000000208616257       0.25926534314822980       0.27524176822187429     
   6.6000000983476639        1.6000000238418579       0.32130207508386249       0.36087234700575666     
   6.6000000983476639        1.8000000268220901       0.38287497248843755       0.42581777825428757     
   6.6000000983476639        2.0000000298023224       0.44150477295019946       0.45900972346850377     
   6.6000000983476639        2.2000000327825546       0.49483069065702390       0.57732744577353545     
   6.6000000983476639        2.4000000357627869       0.54070546943078801       0.57491513361290314     
   6.6000000983476639        2.6000000387430191       0.57728183919436371       0.60300594586947143     
   6.6000000983476639        2.8000000417232513       0.60308689492873124       0.54610836922819561     
   6.6000000983476639        3.0000000447034836       0.61708140340471684       0.79616809039493308     
   6.8000001013278961       0.20000000298023224        9.8543042995747638E-003   8.3281576932120929E-003
   6.8000001013278961       0.40000000596046448        3.9020441673759211E-002   3.8964115824958540E-002
   6.8000001013278961       0.60000000894069672        8.6324060603556005E-002   7.5033178765117253E-002
   6.8000001013278961       0.80000001192092896       0.14986051556965085       0.12644396009981468     
   6.8000001013278961        1.0000000149011612       0.22707155237063648       0.24089293266159900     
   6.8000001013278961        1.2000000178813934       0.31484830934290220       0.27403211023964341     
   6.8000001013278961        1.4000000208616257       0.40965648755124456       0.46653653098641801     
   6.8000001013278961        1.6000000238418579       0.50767865046477445       0.49514868569772874     
   6.8000001013278961        1.8000000268220901       0.60496792396665955       0.55605500133234642     
   6.8000001013278961        2.0000000298023224       0.69760690853492924       0.72029049776993892     
   6.8000001013278961        2.2000000327825546       0.78186540555563944       0.84300578194325670     
   6.8000001013278961        2.4000000357627869       0.85435060743972191       0.82992083285101970     
   6.8000001013278961        2.6000000387430191       0.91214370459176741       0.82295280465666687     
   6.8000001013278961        2.8000000417232513       0.95291740910945277       0.92927846302633121     
   6.8000001013278961        3.0000000447034836       0.97502966336475283       0.92251688554941580     
   7.0000001043081284       0.20000000298023224        1.3047704476134261E-002   1.1487459721325147E-002
   7.0000001043081284       0.40000000596046448        5.1665462726720013E-002   5.4425810556798321E-002
   7.0000001043081284       0.60000000894069672       0.11429836117235477       0.11861011657759547     
   7.0000001043081284       0.80000001192092896       0.19842453209794494       0.19393892971964932     
   7.0000001043081284        1.0000000149011612       0.30065668972663440       0.31517732065798282     
   7.0000001043081284        1.2000000178813934       0.41687851016473021       0.43536783573667204     
   7.0000001043081284        1.4000000208616257       0.54241036442627755       0.57074607698960578     
   7.0000001043081284        1.6000000238418579       0.67219773194875321       0.72437631874381514     
   7.0000001043081284        1.8000000268220901       0.80101470885144099       0.69782723654977463     
   7.0000001043081284        2.0000000298023224       0.92367441742854661       0.89396920551853742     
   7.0000001043081284        2.2000000327825546        1.0352378454806790       0.97006497470145903     
   7.0000001043081284        2.4000000357627869        1.1312127072593354        1.1724035127244012     
   7.0000001043081284        2.6000000387430191        1.2077343194885037        1.1571050916668166     
   7.0000001043081284        2.8000000417232513        1.2617212099650836        1.3822796005466769     
   7.0000001043081284        3.0000000447034836        1.2909991934790226        1.1487226963643333     
   7.2000001072883606       0.20000000298023224        1.5687437948697577E-002   1.5160539531852629E-002
   7.2000001072883606       0.40000000596046448        6.2118109901911744E-002   6.4809170582819001E-002
   7.2000001072883606       0.60000000894069672       0.13742252147179207       0.12907673054332483     
   7.2000001072883606       0.80000001192092896       0.23856859576176703       0.26296006111626580     
   7.2000001072883606        1.0000000149011612       0.36148375161121071       0.34929362427584226     
   7.2000001072883606        1.2000000178813934       0.50121887511452856       0.51214465380120244     
   7.2000001072883606        1.4000000208616257       0.65214758275922724       0.65200837344158347     
   7.2000001072883606        1.6000000238418579       0.80819275363642562       0.75234356178590245     
   7.2000001072883606        1.8000000268220901       0.96307121027193154       0.92124319573223756     
   7.2000001072883606        2.0000000298023224        1.1105466969085496        1.2047498706028936     
   7.2000001072883606        2.2000000327825546        1.2446809699611738        1.3058808906910906     
   7.2000001072883606        2.4000000357627869        1.3600728913172699        1.3066634207087493     
   7.2000001072883606        2.6000000387430191        1.4520758981124511        1.5963157312371712     
   7.2000001072883606        2.8000000417232513        1.5169850931316733        1.5759655280491860     
   7.2000001072883606        3.0000000447034836        1.5521864230267477        1.4682530972925421     
   7.4000001102685928       0.20000000298023224        1.7666393046146138E-002   1.9716632061700410E-002
   7.4000001102685928       0.40000000596046448        6.9954249278926059E-002   7.3406742541871087E-002
   7.4000001102685928       0.60000000894069672       0.15475823940484038       0.16612619402365733     
   7.4000001102685928       0.80000001192092896       0.26866379296464271       0.27444530398425232     
   7.4000001102685928        1.0000000149011612       0.40708457663026709       0.39610122772099438     
   7.4000001102685928        1.2000000178813934       0.56444715057219652       0.59518164537678608     
   7.4000001102685928        1.4000000208616257       0.73441536844932120       0.71637118238229125     
   7.4000001102685928        1.6000000238418579       0.91014548643832438       0.85612729603260074     
   7.4000001102685928        1.8000000268220901        1.0845617103144725        1.0042977832845237     
   7.4000001102685928        2.0000000298023224        1.2506410866992312        1.3124046336770456     
   7.4000001102685928        2.2000000327825546        1.4016962683328558        1.5136977308610857     
   7.4000001102685928        2.4000000357627869        1.5316447687631520        1.5916213789934435     
   7.4000001102685928        2.6000000387430191        1.6352538657225415        1.9106554131338442     
   7.4000001102685928        2.8000000417232513        1.7083512928019999        1.6693309895932054     
   7.4000001102685928        3.0000000447034836        1.7479932363562733        1.9605928764919025     
   7.6000001132488251       0.20000000298023224        1.8904061107301692E-002   1.8795545860195498E-002
   7.6000001132488251       0.40000000596046448        7.4855087828622116E-002   7.9997602780050220E-002
   7.6000001132488251       0.60000000894069672       0.16560025619976296       0.17950131652687565     
   7.6000001132488251       0.80000001192092896       0.28748577857724866       0.30621253027848266     
   7.6000001132488251        1.0000000149011612       0.43560401335785265       0.40223378914621710     
   7.6000001132488251        1.2000000178813934       0.60399105795887076       0.55172777269039386     
   7.6000001132488251        1.4000000208616257       0.78586686977034126       0.82142777408473999     
   7.6000001132488251        1.6000000238418579       0.97390824755357208       0.98487199594636254     
   7.6000001132488251        1.8000000268220901        1.1605436827353375        1.2436413923503220     
   7.6000001132488251        2.0000000298023224        1.3382582095003046        1.4515062862989663     
   7.6000001132488251        2.2000000327825546        1.4998959799675158        1.4938947368308744     
   7.6000001132488251        2.4000000357627869        1.6389483822615207        1.7570345525953490     
   7.6000001132488251        2.6000000387430191        1.7498161012733517        1.7418927047104524     
   7.6000001132488251        2.8000000417232513        1.8280345709228785        1.7256087384068057     
   7.6000001132488251        3.0000000447034836        1.8704537405521691        1.8384534155230374     
   7.8000001162290573       0.20000000298023224        1.9349778676490157E-002   1.8396477831430180E-002
   7.8000001162290573       0.40000000596046448        7.6620011651020947E-002   7.4134343646291359E-002
   7.8000001162290573       0.60000000894069672       0.16950475816002325       0.16900647636603053     
   7.8000001162290573       0.80000001192092896       0.29426408201566701       0.27493486111035537     
   7.8000001162290573        1.0000000149011612       0.44587462985980791       0.47157023273432508     
   7.8000001162290573        1.2000000178813934       0.61823188296662401       0.70383336322655132     
   7.8000001162290573        1.4000000208616257       0.80439593973639367       0.74365771902201450     
   7.8000001162290573        1.6000000238418579       0.99687093341499711       0.84170365927040158     
   7.8000001162290573        1.8000000268220901        1.1879068353547446        1.2785856925640107     
   7.8000001162290573        2.0000000298023224        1.3698114928238854        1.3414550940557108     
   7.8000001162290573        2.2000000327825546        1.5352603382623908        1.5615723319183772     
   7.8000001162290573        2.4000000357627869        1.6775913005646621        1.7565517757116227     
   7.8000001162290573        2.6000000387430191        1.7910730446761030        1.7161581990669406     
   7.8000001162290573        2.8000000417232513        1.8711357395405210        1.9007278906971212     
   7.8000001162290573        3.0000000447034836        1.9145550630027424        1.8859708533542390     
   8.0000001192092896       0.20000000298023224        1.8984768130718428E-002   2.1041087151559158E-002
   8.0000001192092896       0.40000000596046448        7.5174666319823946E-002   8.4114078311922136E-002
   8.0000001192092896       0.60000000894069672       0.16630725263185589       0.17742501667448901     
   8.0000001192092896       0.80000001192092896       0.28871314032412038       0.27684651944397870     
   8.0000001192092896        1.0000000149011612       0.43746373562107332       0.43557123595969965     
   8.0000001192092896        1.2000000178813934       0.60656967427742536       0.67745006580062039     
   8.0000001192092896        1.4000000208616257       0.78922196767767061       0.78027432448215017     
   8.0000001192092896        1.6000000238418579       0.97806614967285210        1.0166961917081578     
   8.0000001192092896        1.8000000268220901        1.1654983866821214        1.1694272515316086     
   8.0000001192092896        2.0000000298023224        1.3439716292802579        1.5140161766376881     
   8.0000001192092896        2.2000000327825546        1.5062994791569806        1.6068134607126103     
   8.0000001192092896        2.4000000357627869        1.6459455372492944        1.6728976849742656     
   8.0000001192092896        2.6000000387430191        1.7572865833173459        1.7385328130170843     
   8.0000001192092896        2.8000000417232513        1.8358389907290167        1.9716632302440396     
   8.0000001192092896        3.0000000447034836        1.8784392603292097        1.9370350377489558     
   8.2000001221895218       0.20000000298023224        1.7822894548608800E-002   1.9361054896595564E-002
   8.2000001221895218       0.40000000596046448        7.0573953883437290E-002   7.2243034747929924E-002
   8.2000001221895218       0.60000000894069672       0.15612919820339433       0.15750041367714146     
   8.2000001221895218       0.80000001192092896       0.27104380835015146       0.26590478468850698     
   8.2000001221895218        1.0000000149011612       0.41069082198581508       0.41729596194726232     
   8.2000001221895218        1.2000000178813934       0.56944742577803675       0.57510334374051242     
   8.2000001221895218        1.4000000208616257       0.74092134328492010       0.76869531638273481     
   8.2000001221895218        1.6000000238418579       0.91820820392202940       0.94591412490330740     
   8.2000001221895218        1.8000000268220901        1.0941695310356716        1.1061161140938107     
   8.2000001221895218        2.0000000298023224        1.2617201569202179        1.4228005720003347     
   8.2000001221895218        2.2000000327825546        1.4141134930270682        1.6157205657711422     
   8.2000001221895218        2.4000000357627869        1.5452131699033460        1.7766181940884203     
   8.2000001221895218        2.6000000387430191        1.6497401100976623        1.6339543834975163     
   8.2000001221895218        2.8000000417232513        1.7234850862911002        1.9357294629226698     
   8.2000001221895218        3.0000000447034836        1.7634782064387204        1.6235873040507209     
   8.4000001251697540       0.20000000298023224        1.5910108315043327E-002   1.8428118690367441E-002
   8.4000001251697540       0.40000000596046448        6.2999825726624548E-002   6.7249428550922530E-002
   8.4000001251697540       0.60000000894069672       0.13937312190127812       0.15202300645657643     
   8.4000001251697540       0.80000001192092896       0.24195488208784566       0.24730721937823646     
   8.4000001251697540        1.0000000149011612       0.36661471816308405       0.41193423223293835     
   8.4000001251697540        1.2000000178813934       0.50833326759252073       0.48498686556449444     
   8.4000001251697540        1.4000000208616257       0.66140428494599535       0.69323871151445926     
   8.4000001251697540        1.6000000238418579       0.81966438954783960       0.94466298181415442     
   8.4000001251697540        1.8000000268220901       0.97674121935242630       0.97692969197232771     
   8.4000001251697540        2.0000000298023224        1.1263100000466166        1.2927444147718556     
   8.4000001251697540        2.2000000327825546        1.2623481995286339        1.2670715128953285     
   8.4000001251697540        2.4000000357627869        1.3793780149427501        1.5997541288261261     
   8.4000001251697540        2.6000000387430191        1.4726869292605651        1.6074737329181186     
   8.4000001251697540        2.8000000417232513        1.5385174572776377        1.7032600549559358     
   8.4000001251697540        3.0000000447034836        1.5742184412940172        1.5428222887084218     
   8.6000001281499863       0.20000000298023224        1.3322595868798642E-002   1.3939592040542710E-002
   8.6000001281499863       0.40000000596046448        5.2753960019678900E-002   4.6847648934580599E-002
   8.6000001281499863       0.60000000894069672       0.11670641967332639       0.12688576533998247     
   8.6000001281499863       0.80000001192092896       0.20260497595049751       0.25181526181305980     
   8.6000001281499863        1.0000000149011612       0.30699097912627360       0.34890487774929102     
   8.6000001281499863        1.2000000178813934       0.42566138185228836       0.52630066698222666     
   8.6000001281499863        1.4000000208616257       0.55383796387455431       0.58323804537423030     
   8.6000001281499863        1.6000000238418579       0.68635971507912852       0.80417769952996843     
   8.6000001281499863        1.8000000268220901       0.81789063129922324       0.86649121705039700     
   8.6000001281499863        2.0000000298023224       0.94313455675342206        1.0348221359350191     
   8.6000001281499863        2.2000000327825546        1.0570484232419650        1.1215802356590971     
   8.6000001281499863        2.4000000357627869        1.1550453007294619        1.2951552963874524     
   8.6000001281499863        2.6000000387430191        1.2331790840951780        1.2946216260750405     
   8.6000001281499863        2.8000000417232513        1.2883033801235144        1.3962770207979580     
   8.6000001281499863        3.0000000447034836        1.3181981974780019        1.4886509544179043     
   8.8000001311302185       0.20000000298023224        1.0163713013033406E-002   1.3961329317260936E-002
   8.8000001311302185       0.40000000596046448        4.0245618438128121E-002   4.2399943354683264E-002
   8.8000001311302185       0.60000000894069672        8.9034492077953137E-002  0.11696322236256335     
   8.8000001311302185       0.80000001192092896       0.15456588572172036       0.17418391613986448     
   8.8000001311302185        1.0000000149011612       0.23420122025445189       0.27611189560030563     
   8.8000001311302185        1.2000000178813934       0.32473402094332410       0.32127638269062042     
   8.8000001311302185        1.4000000208616257       0.42251901776341672       0.43112369267298278     
   8.8000001311302185        1.6000000238418579       0.52361891304601527       0.59704565556563016     
   8.8000001311302185        1.8000000268220901       0.62396290741224969       0.77745583550312369     
   8.8000001311302185        2.0000000298023224       0.71951060153119328       0.91816173165537407     
   8.8000001311302185        2.2000000327825546       0.80641467477610151       0.92603818277182504     
   8.8000001311302185        2.4000000357627869       0.88117579106043287        1.0763242564805802     
   8.8000001311302185        2.6000000387430191       0.94078349503737668        1.0548880714402233     
   8.8000001311302185        2.8000000417232513       0.98283742584747502        1.1060116119427013     
   8.8000001311302185        3.0000000447034836        1.0056439679929003        1.0721269430001101     
   9.0000001341104507       0.20000000298023224        6.5598242262896872E-003   1.0216201706367747E-002
   9.0000001341104507       0.40000000596046448        2.5975170933486749E-002   3.4242837724823831E-002
   9.0000001341104507       0.60000000894069672        5.7464296498672733E-002   6.3658234460840901E-002
   9.0000001341104507       0.80000001192092896        9.9759314378029471E-002   9.6670876824049692E-002
   9.0000001341104507        1.0000000149011612       0.15115724307461961       0.19057800925787716     
   9.0000001341104507        1.2000000178813934       0.20958857210478507       0.23046073830370886     
   9.0000001341104507        1.4000000208616257       0.27270058542959152       0.31663777418992517     
   9.0000001341104507        1.6000000238418579       0.33795208766108231       0.35617843365460894     
   9.0000001341104507        1.8000000268220901       0.40271571925537863       0.31871805505442863     
   9.0000001341104507        2.0000000298023224       0.46438374134965160       0.53212099762295550     
   9.0000001341104507        2.2000000327825546       0.52047303118932697       0.68924332899152341     
   9.0000001341104507        2.4000000357627869       0.56872506085186170       0.77870225936997839     
   9.0000001341104507        2.6000000387430191       0.60719683392534585       0.76282643704147990     
   9.0000001341104507        2.8000000417232513       0.63433911881522675       0.85274150116674952     
   9.0000001341104507        3.0000000447034836       0.64905882877670196       0.73954553677792134     
   9.2000001370906830       0.20000000298023224        2.6552154611113842E-003   2.6525264339965810E-003
   9.2000001370906830       0.40000000596046448        1.0513951759743534E-002   1.1814722515367476E-002
   9.2000001370906830       0.60000000894069672        2.3259783076757700E-002   2.0127485683590494E-002
   9.2000001370906830       0.80000001192092896        4.0379507863162432E-002   7.3275267261729088E-002
   9.2000001370906830        1.0000000149011612        6.1183811490283672E-002   2.5451293334367447E-002
   9.2000001370906830        1.2000000178813934        8.4835019648028198E-002  0.21352541503588721     
   9.2000001370906830        1.4000000208616257       0.11038082511187564       0.29182715777431134     
   9.2000001370906830        1.6000000238418579       0.13679263000314873       0.23294854151484787     
   9.2000001370906830        1.8000000268220901       0.16300695983804603        9.0743017515044155E-002
   9.2000001370906830        2.0000000298023224       0.18796828198212054       0.39672255544360674     
   9.2000001370906830        2.2000000327825546       0.21067150457582354       0.34498742512057273     
   9.2000001370906830        2.4000000357627869       0.23020244485261604       0.55117441822753155     
   9.2000001370906830        2.6000000387430191       0.24577463751469394       0.36207858668993004     
   9.2000001370906830        2.8000000417232513       0.25676100117373768       0.47344161910505378     
   9.2000001370906830        3.0000000447034836       0.26271908787311238       0.80316251916502901     
   9.4000001400709152       0.20000000298023224       -1.3937147750727296E-003   7.8882805517259901E-004
   9.4000001400709152       0.40000000596046448       -5.5187423117152032E-003  -3.6212085998682188E-003
   9.4000001400709152       0.60000000894069672       -1.2208991629438452E-002  -1.3534827287402310E-002
   9.4000001400709152       0.80000001192092896       -2.1195084746718384E-002   9.2425709392757508E-004
   9.4000001400709152        1.0000000149011612       -3.2115202445220981E-002  -9.1410759568959134E-003
   9.4000001400709152        1.2000000178813934       -4.4529651946794258E-002   2.5904851265266195E-003
   9.4000001400709152        1.4000000208616257       -5.7938569994150264E-002   1.6571220113911388E-002
   9.4000001400709152        1.6000000238418579       -7.1802048590308740E-002   5.7916581214860763E-002
   9.4000001400709152        1.8000000268220901       -8.5561873110999248E-002   6.0856666177666392E-002
   9.4000001400709152        2.0000000298023224       -9.8663997585293234E-002  -5.5984791479565199E-002
   9.4000001400709152        2.2000000327825546      -0.11058085225642897       -5.9210217797048669E-003
   9.4000001400709152        2.4000000357627869      -0.12083258528280284       -3.8911699697803941E-002
   9.4000001400709152        2.6000000387430191      -0.12900638334599968        1.5403578571109263E-002
   9.4000001400709152        2.8000000417232513      -0.13477309327226356      -0.13312928860495879     
   9.4000001400709152        3.0000000447034836      -0.13790047543227266        7.4788163253933795E-002
   9.6000001430511475       0.20000000298023224       -5.4247521987362997E-003  -6.7248850181608633E-003
   9.6000001430511475       0.40000000596046448       -2.1480585572593303E-002  -8.1034502198137955E-003
   9.6000001430511475       0.60000000894069672       -4.7521024653480536E-002  -2.9246795240388462E-002
   9.6000001430511475       0.80000001192092896       -8.2497570262294595E-002  -4.4642946390907573E-002
   9.6000001430511475        1.0000000149011612      -0.12500191444729600       -3.2996158633747476E-002
   9.6000001430511475        1.2000000178813934      -0.17332264221331253       -8.7125333845534739E-002
   9.6000001430511475        1.4000000208616257      -0.22551413717415911      -0.19982763333516551     
   9.6000001430511475        1.6000000238418579      -0.27947491691312482      -0.24891551294343778     
   9.6000001430511475        1.8000000268220901      -0.33303224417828281      -0.21669548516046591     
   9.6000001430511475        2.0000000298023224      -0.38402960735562630      -0.23136890967012827     
   9.6000001430511475        2.2000000327825546      -0.43041354812707433      -0.19504316845234385     
   9.6000001430511475        2.4000000357627869      -0.47031634048486753      -0.24071359841188206     
   9.6000001430511475        2.6000000387430191      -0.50213119228124192      -0.17864383337578973     
   9.6000001430511475        2.8000000417232513      -0.52457694152023615      -0.33122058324391368     
   9.6000001430511475        3.0000000447034836      -0.53674964252923008      -0.23862110879320533     
   9.8000001460313797       0.20000000298023224       -9.2763978816769177E-003  -5.4805753208132628E-003
   9.8000001460313797       0.40000000596046448       -3.6732084932690347E-002  -1.9176528287969497E-002
   9.8000001460313797       0.60000000894069672       -8.1261579567329961E-002  -8.1066660499491849E-002
   9.8000001460313797       0.80000001192092896      -0.14107193434622259       -5.9401403785380107E-002
   9.8000001460313797        1.0000000149011612      -0.21375492407829741      -0.15782740822510835     
   9.8000001460313797        1.2000000178813934      -0.29638400652637270      -0.24589725160700698     
   9.8000001460313797        1.4000000208616257      -0.38563215198251366      -0.24652607043043404     
   9.8000001460313797        1.6000000238418579      -0.47790579776871533      -0.36410472330763766     
   9.8000001460313797        1.8000000268220901      -0.56948953449803286      -0.57508402921630819     
   9.8000001460313797        2.0000000298023224      -0.65669569883852275      -0.28100240877629440     
   9.8000001460313797        2.2000000327825546      -0.73601284995489435      -0.61983564183023609     
   9.8000001460313797        2.4000000357627869      -0.80424715171472871      -0.70168461840291252     
   9.8000001460313797        2.6000000387430191      -0.85865096833117682      -0.46348913959839583     
   9.8000001460313797        2.8000000417232513      -0.89703349587625603      -0.65051622388532848     
   9.8000001460313797        3.0000000447034836      -0.91784897531520027      -0.58448345674013591     
   10.000000149011612       0.20000000298023224       -1.2794370784876254E-002  -1.2381658888349505E-002
   10.000000149011612       0.40000000596046448       -5.0662328236124793E-002  -5.5444788929258339E-002
   10.000000149011612       0.60000000894069672      -0.11207914891218451      -0.10559173167574987     
   10.000000149011612       0.80000001192092896      -0.19457192957736918      -0.18319190862157247     
   10.000000149011612        1.0000000149011612      -0.29481915185557295      -0.24461555645584859     
   10.000000149011612        1.2000000178813934      -0.40878441422783390      -0.37278994722720193     
   10.000000149011612        1.4000000208616257      -0.53187894719131312      -0.49207785535999005     
   10.000000149011612        1.6000000238418579      -0.65914636854599928      -0.46422346297121225     
   10.000000149011612        1.8000000268220901      -0.78546224034509216      -0.71154419605162766     
   10.000000149011612        2.0000000298023224      -0.90574039308613918      -0.69126398145869639     
   10.000000149011612        2.2000000327825546       -1.0151377102266070      -0.93560583000980591     
   10.000000149011612        2.4000000357627869       -1.1092491280525787      -0.76797236249690137     
   10.000000149011612        2.6000000387430191       -1.1842849998189400      -0.90840735683619112     
   10.000000149011612        2.8000000417232513       -1.2372236830596128      -0.97051502023377956     
   10.000000149011612        3.0000000447034836       -1.2659332064547679       -1.2466250217980792     
   10.200000151991844       0.20000000298023224       -1.5837819887743722E-002  -1.4948696422382605E-002
   10.200000151991844       0.40000000596046448       -6.2713582651986038E-002  -5.4001945963239373E-002
   10.200000151991844       0.60000000894069672      -0.13873987267439833      -0.14209640194740228     
   10.200000151991844       0.80000001192092896      -0.24085554715201427      -0.15331155216978296     
   10.200000151991844        1.0000000149011612      -0.36494898460073588      -0.28379110371621535     
   10.200000151991844        1.2000000178813934      -0.50602362822799019      -0.53431377444383055     
   10.200000151991844        1.4000000208616257      -0.65839915923464443      -0.60681054406944368     
   10.200000151991844        1.6000000238418579      -0.81594020059445549      -0.70833943136522981     
   10.200000151991844        1.8000000268220901      -0.97230334342929814      -0.75894784656839809     
   10.200000151991844        2.0000000298023224       -1.1211925503760583       -1.1128571716708489     
   10.200000151991844        2.2000000327825546       -1.2566126530294310      -0.98609378244083834     
   10.200000151991844        2.4000000357627869       -1.3731107372235996      -0.97032818773285301     
   10.200000151991844        2.6000000387430191       -1.4659956975031785      -0.98554865275189873     
   10.200000151991844        2.8000000417232513       -1.5315271209985093       -1.2047885837386740     
   10.200000151991844        3.0000000447034836       -1.5670658956862817       -1.3560761735154470     
   10.400000154972076       0.20000000298023224       -1.8284995789440078E-002  -1.7924688209170057E-002
   10.400000154972076       0.40000000596046448       -7.2403752717233288E-002  -6.9269922680834567E-002
   10.400000154972076       0.60000000894069672      -0.16017722171736687      -0.14392805390187291     
   10.400000154972076       0.80000001192092896      -0.27807126844181285      -0.23168446901809114     
   10.400000154972076        1.0000000149011612      -0.42133896546891431      -0.41195963856632883     
   10.400000154972076        1.2000000178813934      -0.58421171455966914      -0.59401719240857920     
   10.400000154972076        1.4000000208616257      -0.76013150419096587      -0.59744301207315320     
   10.400000154972076        1.6000000238418579      -0.94201495142966496      -0.70507650032535807     
   10.400000154972076        1.8000000268220901       -1.1225384975126109      -0.99817139462088378     
   10.400000154972076        2.0000000298023224       -1.2944332747869394       -1.1970567677460047     
   10.400000154972076        2.2000000327825546       -1.4507777732326153       -1.4283238841700032     
   10.400000154972076        2.4000000357627869       -1.5852765233173256       -1.6227296990553712     
   10.400000154972076        2.6000000387430191       -1.6925135748592925       -1.6786288669701543     
   10.400000154972076        2.8000000417232513       -1.7681705662369711       -1.5310233457462783     
   10.400000154972076        3.0000000447034836       -1.8092006038389730       -1.7232067827926256     
   10.600000157952309       0.20000000298023224       -2.0038153413294443E-002  -1.8732187731300615E-002
   10.600000157952309       0.40000000596046448       -7.9345793750963012E-002  -7.9621184439618478E-002
   10.600000157952309       0.60000000894069672      -0.17553494564879499      -0.14657411640782028     
   10.600000157952309       0.80000001192092896      -0.30473262345974239      -0.23523783787635813     
   10.600000157952309        1.0000000149011612      -0.46173676637873373      -0.36629032140643847     
   10.600000157952309        1.2000000178813934      -0.64022568541968916      -0.61822501216742576     
   10.600000157952309        1.4000000208616257      -0.83301258970228109      -0.75850231855606709     
   10.600000157952309        1.6000000238418579       -1.0323349445486829      -0.92731850155136486     
   10.600000157952309        1.8000000268220901       -1.2301670114945966       -1.3429410681823899     
   10.600000157952309        2.0000000298023224       -1.4185429869463455       -1.3781809761024955     
   10.600000157952309        2.2000000327825546       -1.5898777294453492       -1.5896831860401353     
   10.600000157952309        2.4000000357627869       -1.7372721625165506       -1.8005018051755133     
   10.600000157952309        2.6000000387430191       -1.8547910569769199       -1.7042070979971120     
   10.600000157952309        2.8000000417232513       -1.9377020085282044       -1.7664061757324714     
   10.600000157952309        3.0000000447034836       -1.9826659886947855       -1.7158651809708294     
   10.800000160932541       0.20000000298023224       -2.1027488394686850E-002  -1.5398254596945842E-002
   10.800000160932541       0.40000000596046448       -8.3263298910500536E-002  -7.2106503552978901E-002
   10.800000160932541       0.60000000894069672      -0.18420155572035921      -0.19584709720962942     
   10.800000160932541       0.80000001192092896      -0.31977805395136544      -0.25434845497662356     
   10.800000160932541        1.0000000149011612      -0.48453389372632966      -0.39341735070111605     
   10.800000160932541        1.2000000178813934      -0.67183526807471627      -0.53480947502808518     
   10.800000160932541        1.4000000208616257      -0.87414055583443229      -0.72706541633689814     
   10.800000160932541        1.6000000238418579       -1.0833039660992587       -1.0082145445801134     
   10.800000160932541        1.8000000268220901       -1.2909035091311036       -1.0094405346493314     
   10.800000160932541        2.0000000298023224       -1.4885800892006880       -1.5125646000909287     
   10.800000160932541        2.2000000327825546       -1.6683740669788001       -1.5045608603829745     
   10.800000160932541        2.4000000357627869       -1.8230457409061029       -1.6408767668451432     
   10.800000160932541        2.6000000387430191       -1.9463668443258551       -1.8558687034948029     
   10.800000160932541        2.8000000417232513       -2.0333713220129437       -1.5478806011970887     
   10.800000160932541        3.0000000447034836       -2.0805552890996504       -1.7747672130304626     
   11.000000163912773       0.20000000298023224       -2.1213948631476208E-002  -2.4066049446690430E-002
   11.000000163912773       0.40000000596046448       -8.4001632188317937E-002  -7.5808821304883325E-002
   11.000000163912773       0.60000000894069672      -0.18583495411069176      -0.19795371235193762     
   11.000000163912773       0.80000001192092896      -0.32261367038546584      -0.31137042042204349     
   11.000000163912773        1.0000000149011612      -0.48883047460469803      -0.41657648841229539     
   11.000000163912773        1.2000000178813934      -0.67779273483524527      -0.63590584914312631     
   11.000000163912773        1.4000000208616257      -0.88189195495395001      -0.82375142083159048     
   11.000000163912773        1.6000000238418579       -1.0929101116475259       -1.0183090214724040     
   11.000000163912773        1.8000000268220901       -1.3023505335910326       -1.0338291375972233     
   11.000000163912773        2.0000000298023224       -1.5017800011779299       -1.2664616201680301     
   11.000000163912773        2.2000000327825546       -1.6831682933620624       -1.6905810968829695     
   11.000000163912773        2.4000000357627869       -1.8392115108804887       -1.8750206339129347     
   11.000000163912773        2.6000000387430191       -1.9636261582229722       -1.8954291342457334     
   11.000000163912773        2.8000000417232513       -2.0514021439098329       -1.9951703733391022     
   11.000000163912773        3.0000000447034836       -2.0990045125436376       -2.0747959411742962     
   11.200000166893005       0.20000000298023224       -2.0590807758275514E-002  -2.2681847635040914E-002
   11.200000166893005       0.40000000596046448       -8.1534158954483418E-002  -6.6024193763562722E-002
   11.200000166893005       0.60000000894069672      -0.18037621761672604      -0.20443882337981212     
   11.200000166893005       0.80000001192092896      -0.31313718075296904      -0.29395712852159267     
   11.200000166893005        1.0000000149011612      -0.47447151418276534      -0.44279251030020639     
   11.200000166893005        1.2000000178813934      -0.65788317608352587      -0.52189087550434432     
   11.200000166893005        1.4000000208616257      -0.85598716313865741      -0.84779371184769248     
   11.200000166893005        1.6000000238418579       -1.0608068491605380      -0.95083806164843032     
   11.200000166893005        1.8000000268220901       -1.2640951449873679       -1.0761947793493929     
   11.200000166893005        2.0000000298023224       -1.4576665493380017       -1.4295796438732822     
   11.200000166893005        2.2000000327825546       -1.6337267217673699       -1.4253278677568983     
   11.200000166893005        2.4000000357627869       -1.7851863085572197       -1.5332336511406293     
   11.200000166893005        2.6000000387430191       -1.9059463862893593       -1.9678220261149935     
   11.200000166893005        2.8000000417232513       -1.9911440304653139       -1.8448281477334307     
   11.200000166893005        3.0000000447034836       -2.0373481218584097       -2.0206436129200878     
   11.400000169873238       0.20000000298023224       -1.9183937148791148E-002  -1.7157614926508299E-002
   11.400000169873238       0.40000000596046448       -7.5963323014062362E-002  -6.4486127446279171E-002
   11.400000169873238       0.60000000894069672      -0.16805198040398345      -0.14192291112798583     
   11.400000169873238       0.80000001192092896      -0.29174202707517610      -0.27948437392464826     
   11.400000169873238        1.0000000149011612      -0.44205316342267570      -0.39650866399209100     
   11.400000169873238        1.2000000178813934      -0.61293319083905295      -0.67172564466948037     
   11.400000169873238        1.4000000208616257      -0.79750168767537899      -0.80917035023117634     
   11.400000169873238        1.6000000238418579      -0.98832703214975148      -0.87373065438853414     
   11.400000169873238        1.8000000268220901       -1.1777256189370722       -1.1372062148216404     
   11.400000169873238        2.0000000298023224       -1.3580712225899252       -1.2789881577626638     
   11.400000169873238        2.2000000327825546       -1.5221020523631232       -1.5066539913522115     
   11.400000169873238        2.4000000357627869       -1.6632131358945834       -1.3483347967853114     
   11.400000169873238        2.6000000387430191       -1.7757222597955480       -1.3997781730054240     
   11.400000169873238        2.8000000417232513       -1.8550987597504529       -1.7511303859441396     
   11.400000169873238        3.0000000447034836       -1.8981459483652638       -2.2003167856185435     
   11.600000172853470       0.20000000298023224       -1.7050765447502093E-002  -1.5896159025927031E-002
   11.600000172853470       0.40000000596046448       -6.7516526627446699E-002  -6.2209204606557066E-002
   11.600000172853470       0.60000000894069672      -0.14936531946660997      -0.15581876127823141     
   11.600000172853470       0.80000001192092896      -0.25930156235687563      -0.23713440111825299     
   11.600000172853470        1.0000000149011612      -0.39289874369304156      -0.40830511322035984     
   11.600000172853470        1.2000000178813934      -0.54477764344866642      -0.43322650659154499     
   11.600000172853470        1.4000000208616257      -0.70882291341309311      -0.71394463565201205     
   11.600000172853470        1.6000000238418579      -0.87842929633832545      -0.90975894492125642     
   11.600000172853470        1.8000000268220901       -1.0467675709246134       -1.0731684041030345     
   11.600000172853470        2.0000000298023224       -1.2070595153530477       -1.1788528479695153     
   11.600000172853470        2.2000000327825546       -1.3528508189279722       -1.3737171713059224     
   11.600000172853470        2.4000000357627869       -1.4782709539438896       -1.2458506248963668     
   11.600000172853470        2.6000000387430191       -1.5782695448202140       -1.6141122768974596     
   11.600000172853470        2.8000000417232513       -1.6488197177214989       -1.5916014198697819     
   11.600000172853470        3.0000000447034836       -1.6870802432097227       -1.8598685116803209     
   11.800000175833702       0.20000000298023224       -1.4277967473739266E-002  -1.0949886282975314E-002
   11.800000175833702       0.40000000596046448       -5.6536979181058260E-002  -5.2863831196804448E-002
   11.800000175833702       0.60000000894069672      -0.12507550934385542      -0.11014234486638763     
   11.800000175833702       0.80000001192092896      -0.21713390431769078      -0.24242327262275101     
   11.800000175833702        1.0000000149011612      -0.32900549246275246      -0.29294749761418137     
   11.800000175833702        1.2000000178813934      -0.45618582330096336      -0.43262554708152812     
   11.800000175833702        1.4000000208616257      -0.59355402744314723      -0.55828347478953200     
   11.800000175833702        1.6000000238418579      -0.73557899554214379      -0.85237202639239129     
   11.800000175833702        1.8000000268220901      -0.87654207526596650      -0.84687624769016101     
   11.800000175833702        2.0000000298023224       -1.0107673202204002      -0.85755056453273293     
   11.800000175833702        2.2000000327825546       -1.1328500206602139      -0.98824344712815460     
   11.800000175833702        2.4000000357627869       -1.2378743149549569       -1.1813887440774733     
   11.800000175833702        2.6000000387430191       -1.3216111203405101       -1.4074554087607809     
   11.800000175833702        2.8000000417232513       -1.3806884137941482       -1.1980070867396495     
   11.800000175833702        3.0000000447034836       -1.4127270070251066       -1.2123359381928742     
   12.000000178813934       0.20000000298023224       -1.0977975500319164E-002  -1.1090132455123912E-002
   12.000000178813934       0.40000000596046448       -4.3469882772408923E-002  -4.5525231752365079E-002
   12.000000178813934       0.60000000894069672       -9.6167460795257065E-002 -0.10672488419496581     
   12.000000178813934       0.80000001192092896      -0.16694888024310231      -0.18908793040706179     
   12.000000178813934        1.0000000149011612      -0.25296417311284464      -0.23896371810875350     
   12.000000178813934        1.2000000178813934      -0.35074997901500365      -0.34883839673013373     
   12.000000178813934        1.4000000208616257      -0.45636898832913203      -0.36575328044986455     
   12.000000178813934        1.6000000238418579      -0.56556846809346883      -0.39944665668874524     
   12.000000178813934        1.8000000268220901      -0.67395148819095418      -0.64953844436034569     
   12.000000178813934        2.0000000298023224      -0.77715395404223109      -0.51367130705725683     
   12.000000178813934        2.2000000327825546      -0.87102031820829251      -0.98840521525309299     
   12.000000178813934        2.4000000357627869      -0.95177089645595958      -0.72058810502944859     
   12.000000178813934        2.6000000387430191       -1.0161540518097052      -0.99688135441256809     
   12.000000178813934        2.8000000417232513       -1.0615771192982777       -1.0203939282653063     
   12.000000178813934        3.0000000447034836       -1.0862107999815518       -1.0629269260183314     
   12.200000181794167       0.20000000298023224       -7.2844533255564782E-003  -6.7266667191331923E-003
   12.200000181794167       0.40000000596046448       -2.8844510730946987E-002  -3.0940507337750438E-002
   12.200000181794167       0.60000000894069672       -6.3812073508451139E-002  -4.6368984008323656E-002
   12.200000181794167       0.80000001192092896      -0.11077919839131013      -0.11787052166779807     
   12.200000181794167        1.0000000149011612      -0.16785478452060135      -0.15485563441094086     
   12.200000181794167        1.2000000178813934      -0.23274071353141909      -0.18629671249003160     
   12.200000181794167        1.4000000208616257      -0.30282437728326211      -0.21206644992568854     
   12.200000181794167        1.6000000238418579      -0.37528386796942881      -0.49538915890892410     
   12.200000181794167        1.8000000268220901      -0.44720159552857175      -0.40322108887745112     
   12.200000181794167        2.0000000298023224      -0.51568175797329241      -0.59951535521444799     
   12.200000181794167        2.2000000327825546      -0.57796693510704478      -0.56870475160449196     
   12.200000181794167        2.4000000357627869      -0.63154911136894054      -0.60742753214194967     
   12.200000181794167        2.6000000387430191      -0.67427065780643003      -0.77532553887044353     
   12.200000181794167        2.8000000417232513      -0.70441120740178920      -0.68568189318214912     
   12.200000181794167        3.0000000447034836      -0.72075692589684448      -0.48495753024000038     
   12.400000184774399       0.20000000298023224       -3.3469153225641137E-003  -5.3279215512786601E-003
   12.400000184774399       0.40000000596046448       -1.3252900474845812E-002   1.0701037766226494E-003
   12.400000184774399       0.60000000894069672       -2.9319098777215797E-002  -3.7249593429548325E-002
   12.400000184774399       0.80000001192092896       -5.0898616539479927E-002  -6.3148719433680556E-002
   12.400000184774399        1.0000000149011612       -7.7122568457772989E-002  -3.8182949948179819E-004
   12.400000184774399        1.2000000178813934      -0.10693506094271588      -0.10135109239617028     
   12.400000184774399        1.4000000208616257      -0.13913570491548202      -0.31646794969601338     
   12.400000184774399        1.6000000238418579      -0.17242794646117066      -0.25037093857998682     
   12.400000184774399        1.8000000268220901      -0.20547126949095434      -0.34051722854207234     
   12.400000184774399        2.0000000298023224      -0.23693516866561293      -0.32084010139624675     
   12.400000184774399        2.2000000327825546      -0.26555271955116577      -0.24744640587976727     
   12.400000184774399        2.4000000357627869      -0.29017158918111896      -0.38772582485920998     
   12.400000184774399        2.6000000387430191      -0.30980043323912754      -0.12033285566337350     
   12.400000184774399        2.8000000417232513      -0.32364881180137833      -0.36453136693226224     
   12.400000184774399        3.0000000447034836      -0.33115901651329233      -0.41607150515214869     
