  -5.98999977       2.49741203E-03   0.00000000      -5.98999970E-02
  -5.97999954       2.52244854E-03   0.00000000      -5.97999953E-02
  -5.96999931       2.54773558E-03   0.00000000      -5.96999936E-02
  -5.95999908       2.57327547E-03   0.00000000      -5.95999882E-02
  -5.94999886       2.59907078E-03   0.00000000      -5.94999865E-02
  -5.93999863       2.62512383E-03   0.00000000      -5.93999848E-02
  -5.92999840       2.65143742E-03   0.00000000      -5.92999831E-02
  -5.91999817       2.67801411E-03   0.00000000      -5.91999814E-02
  -5.90999794       2.70485645E-03   0.00000000      -5.90999797E-02
  -5.89999771       2.73196702E-03   0.00000000      -5.89999743E-02
  -5.88999748       2.75934837E-03   0.00000000      -5.88999726E-02
  -5.87999725       2.78700376E-03   0.00000000      -5.87999709E-02
  -5.86999702       2.81493552E-03   0.00000000      -5.86999692E-02
  -5.85999680       2.84314621E-03   0.00000000      -5.85999675E-02
  -5.84999657       2.87163910E-03   0.00000000      -5.84999658E-02
  -5.83999634       2.90041650E-03   0.00000000      -5.83999604E-02
  -5.82999611       2.92948121E-03   0.00000000      -5.82999587E-02
  -5.81999588       2.95883650E-03   0.00000000      -5.81999570E-02
  -5.80999565       2.98848539E-03   0.00000000      -5.80999553E-02
  -5.79999542       3.01843020E-03   0.00000000      -5.79999536E-02
  -5.78999519       3.04867420E-03   0.00000000      -5.78999519E-02
  -5.77999496       3.07921995E-03   0.00000000      -5.77999465E-02
  -5.76999474       3.11007118E-03   0.00000000      -5.76999448E-02
  -5.75999451       3.14123044E-03   0.00000000      -5.75999431E-02
  -5.74999428       3.17270076E-03   0.00000000      -5.74999414E-02
  -5.73999405       3.20448563E-03   0.00000000      -5.73999397E-02
  -5.72999382       3.23658762E-03   0.00000000      -5.72999381E-02
  -5.71999359       3.26901069E-03   0.00000000      -5.71999364E-02
  -5.70999336       3.30175669E-03   0.00000000      -5.70999309E-02
  -5.69999313       3.33483005E-03   0.00000000      -5.69999292E-02
  -5.68999290       3.36823380E-03   0.00000000      -5.68999276E-02
  -5.67999268       3.40197049E-03   0.00000000      -5.67999259E-02
  -5.66999245       3.43604409E-03   0.00000000      -5.66999242E-02
  -5.65999222       3.47045809E-03   0.00000000      -5.65999225E-02
  -5.64999199       3.50521528E-03   0.00000000      -5.64999171E-02
  -5.63999176       3.54031939E-03   0.00000000      -5.63999154E-02
  -5.62999153       3.57577368E-03   0.00000000      -5.62999137E-02
  -5.61999130       3.61158163E-03   0.00000000      -5.61999120E-02
  -5.60999107       3.64774745E-03   0.00000000      -5.60999103E-02
  -5.59999084       3.68427369E-03   0.00000000      -5.59999086E-02
  -5.58999062       3.72116431E-03   0.00000000      -5.58999032E-02
  -5.57999039       3.75842280E-03   0.00000000      -5.57999015E-02
  -5.56999016       3.79605289E-03   0.00000000      -5.56998998E-02
  -5.55998993       3.83405853E-03   0.00000000      -5.55998981E-02
  -5.54998970       3.87244346E-03   0.00000000      -5.54998964E-02
  -5.53998947       3.91121069E-03   0.00000000      -5.53998947E-02
  -5.52998924       3.95036442E-03   0.00000000      -5.52998930E-02
  -5.51998901       3.98990884E-03   0.00000000      -5.51998876E-02
  -5.50998878       4.02984722E-03   0.00000000      -5.50998859E-02
  -5.49998856       4.07018419E-03   0.00000000      -5.49998842E-02
  -5.48998833       4.11092304E-03   0.00000000      -5.48998825E-02
  -5.47998810       4.15206794E-03   0.00000000      -5.47998808E-02
  -5.46998787       4.19362262E-03   0.00000000      -5.46998791E-02
  -5.45998764       4.23559174E-03   0.00000000      -5.45998737E-02
  -5.44998741       4.27797902E-03   0.00000000      -5.44998720E-02
  -5.43998718       4.32078866E-03   0.00000000      -5.43998703E-02
  -5.42998695       4.36402485E-03   0.00000000      -5.42998686E-02
  -5.41998672       4.40769177E-03   0.00000000      -5.41998670E-02
  -5.40998650       4.45179362E-03   0.00000000      -5.40998653E-02
  -5.39998627       4.49633459E-03   0.00000000      -5.39998598E-02
  -5.38998604       4.54131933E-03   0.00000000      -5.38998581E-02
  -5.37998581       4.58675204E-03   0.00000000      -5.37998565E-02
  -5.36998558       4.63263737E-03   0.00000000      -5.36998548E-02
  -5.35998535       4.67897905E-03   0.00000000      -5.35998531E-02
  -5.34998512       4.72578267E-03   0.00000000      -5.34998514E-02
  -5.33998489       4.77305194E-03   0.00000000      -5.33998460E-02
  -5.32998466       4.82079154E-03   0.00000000      -5.32998443E-02
  -5.31998444       4.86900657E-03   0.00000000      -5.31998426E-02
  -5.30998421       4.91770171E-03   0.00000000      -5.30998409E-02
  -5.29998398       4.96688066E-03   0.00000000      -5.29998392E-02
  -5.28998375       5.01654996E-03   0.00000000      -5.28998375E-02
  -5.27998352       5.06671239E-03   0.00000000      -5.27998358E-02
  -5.26998329       5.11737401E-03   0.00000000      -5.26998304E-02
  -5.25998306       5.16854040E-03   0.00000000      -5.25998287E-02
  -5.24998283       5.22021484E-03   0.00000000      -5.24998270E-02
  -5.23998260       5.27240336E-03   0.00000000      -5.23998253E-02
  -5.22998238       5.32511109E-03   0.00000000      -5.22998236E-02
  -5.21998215       5.37834270E-03   0.00000000      -5.21998219E-02
  -5.20998192       5.43210376E-03   0.00000000      -5.20998165E-02
  -5.19998169       5.48639894E-03   0.00000000      -5.19998148E-02
  -5.18998146       5.54123381E-03   0.00000000      -5.18998131E-02
  -5.17998123       5.59661398E-03   0.00000000      -5.17998114E-02
  -5.16998100       5.65254362E-03   0.00000000      -5.16998097E-02
  -5.15998077       5.70903020E-03   0.00000000      -5.15998080E-02
  -5.14998055       5.76607743E-03   0.00000000      -5.14998026E-02
  -5.13998032       5.82369138E-03   0.00000000      -5.13998009E-02
  -5.12998009       5.88187715E-03   0.00000000      -5.12997992E-02
  -5.11997986       5.94064128E-03   0.00000000      -5.11997975E-02
  -5.10997963       5.99998888E-03   0.00000000      -5.10997958E-02
  -5.09997940       6.05992554E-03   0.00000000      -5.09997942E-02
  -5.08997917       6.12045778E-03   0.00000000      -5.08997887E-02
  -5.07997894       6.18159026E-03   0.00000000      -5.07997870E-02
  -5.06997871       6.24332950E-03   0.00000000      -5.06997854E-02
  -5.05997849       6.30568201E-03   0.00000000      -5.05997837E-02
  -5.04997826       6.36865292E-03   0.00000000      -5.04997820E-02
  -5.03997803       6.43224921E-03   0.00000000      -5.03997803E-02
  -5.02997780       6.49647601E-03   0.00000000      -5.02997786E-02
  -5.01997757       6.56133890E-03   0.00000000      -5.01997732E-02
  -5.00997734       6.62684673E-03   0.00000000      -5.00997715E-02
  -4.99997711       6.69300323E-03   0.00000000      -4.99997698E-02
  -4.98997688       6.75981538E-03   0.00000000      -4.98997681E-02
  -4.97997665       6.82729017E-03   0.00000000      -4.97997664E-02
  -4.96997643       6.89543411E-03   0.00000000      -4.96997647E-02
  -4.95997620       6.96425326E-03   0.00000000      -4.95997593E-02
  -4.94997597       7.03375507E-03   0.00000000      -4.94997576E-02
  -4.93997574       7.10394466E-03   0.00000000      -4.93997559E-02
  -4.92997551       7.17482995E-03   0.00000000      -4.92997542E-02
  -4.91997528       7.24641746E-03   0.00000000      -4.91997525E-02
  -4.90997505       7.31871370E-03   0.00000000      -4.90997508E-02
  -4.89997482       7.39172660E-03   0.00000000      -4.89997454E-02
  -4.88997459       7.46546127E-03   0.00000000      -4.88997437E-02
  -4.87997437       7.53992656E-03   0.00000000      -4.87997420E-02
  -4.86997414       7.61512853E-03   0.00000000      -4.86997403E-02
  -4.85997391       7.69107556E-03   0.00000000      -4.85997386E-02
  -4.84997368       7.76777277E-03   0.00000000      -4.84997369E-02
  -4.83997345       7.84522947E-03   0.00000000      -4.83997352E-02
  -4.82997322       7.92345218E-03   0.00000000      -4.82997298E-02
  -4.81997299       8.00244883E-03   0.00000000      -4.81997281E-02
  -4.80997276       8.08222685E-03   0.00000000      -4.80997264E-02
  -4.79997253       8.16279370E-03   0.00000000      -4.79997247E-02
  -4.78997231       8.24415684E-03   0.00000000      -4.78997231E-02
  -4.77997208       8.32632370E-03   0.00000000      -4.77997214E-02
  -4.76997185       8.40930268E-03   0.00000000      -4.76997159E-02
  -4.75997162       8.49310122E-03   0.00000000      -4.75997142E-02
  -4.74997139       8.57772864E-03   0.00000000      -4.74997126E-02
  -4.73997116       8.66319146E-03   0.00000000      -4.73997109E-02
  -4.72997093       8.74949805E-03   0.00000000      -4.72997092E-02
  -4.71997070       8.83665774E-03   0.00000000      -4.71997075E-02
  -4.70997047       8.92467611E-03   0.00000000      -4.70997021E-02
  -4.69997025       9.01356433E-03   0.00000000      -4.69997004E-02
  -4.68997002       9.10332985E-03   0.00000000      -4.68996987E-02
  -4.67996979       9.19398107E-03   0.00000000      -4.67996970E-02
  -4.66996956       9.28552542E-03   0.00000000      -4.66996953E-02
  -4.65996933       9.37797409E-03   0.00000000      -4.65996936E-02
  -4.64996910       9.47133359E-03   0.00000000      -4.64996882E-02
  -4.63996887       9.56561416E-03   0.00000000      -4.63996865E-02
  -4.62996864       9.66082327E-03   0.00000000      -4.62996848E-02
  -4.61996841       9.75697022E-03   0.00000000      -4.61996831E-02
  -4.60996819       9.85406619E-03   0.00000000      -4.60996814E-02
  -4.59996796       9.95211769E-03   0.00000000      -4.59996797E-02
  -4.58996773       1.00511350E-02   0.00000000      -4.58996780E-02
  -4.57996750       1.01511274E-02   0.00000000      -4.57996726E-02
  -4.56996727       1.02521051E-02   0.00000000      -4.56996709E-02
  -4.55996704       1.03540756E-02   0.00000000      -4.55996692E-02
  -4.54996681       1.04570501E-02   0.00000000      -4.54996675E-02
  -4.53996658       1.05610378E-02   0.00000000      -4.53996658E-02
  -4.52996635       1.06660482E-02   0.00000000      -4.52996641E-02
  -4.51996613       1.07720904E-02   0.00000000      -4.51996587E-02
  -4.50996590       1.08791776E-02   0.00000000      -4.50996570E-02
  -4.49996567       1.09873163E-02   0.00000000      -4.49996553E-02
  -4.48996544       1.10965176E-02   0.00000000      -4.48996536E-02
  -4.47996521       1.12067917E-02   0.00000000      -4.47996520E-02
  -4.46996498       1.13181500E-02   0.00000000      -4.46996503E-02
  -4.45996475       1.14306016E-02   0.00000000      -4.45996448E-02
  -4.44996452       1.15441568E-02   0.00000000      -4.44996431E-02
  -4.43996429       1.16588287E-02   0.00000000      -4.43996415E-02
  -4.42996407       1.17746247E-02   0.00000000      -4.42996398E-02
  -4.41996384       1.18915569E-02   0.00000000      -4.41996381E-02
  -4.40996361       1.20096356E-02   0.00000000      -4.40996364E-02
  -4.39996338       1.21288737E-02   0.00000000      -4.39996310E-02
  -4.38996315       1.22492798E-02   0.00000000      -4.38996293E-02
  -4.37996292       1.23708677E-02   0.00000000      -4.37996276E-02
  -4.36996269       1.24936467E-02   0.00000000      -4.36996259E-02
  -4.35996246       1.26176281E-02   0.00000000      -4.35996242E-02
  -4.34996223       1.27428239E-02   0.00000000      -4.34996225E-02
  -4.33996201       1.28692463E-02   0.00000000      -4.33996208E-02
  -4.32996178       1.29969073E-02   0.00000000      -4.32996154E-02
  -4.31996155       1.31258164E-02   0.00000000      -4.31996137E-02
  -4.30996132       1.32559882E-02   0.00000000      -4.30996120E-02
  -4.29996109       1.33874323E-02   0.00000000      -4.29996103E-02
  -4.28996086       1.35201607E-02   0.00000000      -4.28996086E-02
  -4.27996063       1.36541892E-02   0.00000000      -4.27996069E-02
  -4.26996040       1.37895262E-02   0.00000000      -4.26996015E-02
  -4.25996017       1.39261866E-02   0.00000000      -4.25995998E-02
  -4.24995995       1.40641816E-02   0.00000000      -4.24995981E-02
  -4.23995972       1.42035261E-02   0.00000000      -4.23995964E-02
  -4.22995949       1.43442294E-02   0.00000000      -4.22995947E-02
  -4.21995926       1.44863045E-02   0.00000000      -4.21995930E-02
  -4.20995903       1.46297682E-02   0.00000000      -4.20995876E-02
  -4.19995880       1.47746308E-02   0.00000000      -4.19995859E-02
  -4.18995857       1.49209062E-02   0.00000000      -4.18995842E-02
  -4.17995834       1.50686083E-02   0.00000000      -4.17995825E-02
  -4.16995811       1.52177494E-02   0.00000000      -4.16995808E-02
  -4.15995789       1.53683424E-02   0.00000000      -4.15995792E-02
  -4.14995766       1.55204041E-02   0.00000000      -4.14995775E-02
  -4.13995743       1.56739447E-02   0.00000000      -4.13995720E-02
  -4.12995720       1.58289801E-02   0.00000000      -4.12995704E-02
  -4.11995697       1.59855243E-02   0.00000000      -4.11995687E-02
  -4.10995674       1.61435921E-02   0.00000000      -4.10995670E-02
  -4.09995651       1.63031965E-02   0.00000000      -4.09995653E-02
  -4.08995628       1.64643526E-02   0.00000000      -4.08995636E-02
  -4.07995605       1.66270752E-02   0.00000000      -4.07995582E-02
  -4.06995583       1.67913772E-02   0.00000000      -4.06995565E-02
  -4.05995560       1.69572756E-02   0.00000000      -4.05995548E-02
  -4.04995537       1.71247851E-02   0.00000000      -4.04995531E-02
  -4.03995514       1.72939189E-02   0.00000000      -4.03995514E-02
  -4.02995491       1.74646936E-02   0.00000000      -4.02995497E-02
  -4.01995468       1.76371261E-02   0.00000000      -4.01995443E-02
  -4.00995445       1.78112276E-02   0.00000000      -4.00995426E-02
  -3.99995446       1.79870147E-02   0.00000000      -3.99995446E-02
  -3.98995447       1.81645025E-02   0.00000000      -3.98995429E-02
  -3.97995448       1.83437094E-02   0.00000000      -3.97995450E-02
  -3.96995449       1.85246523E-02   0.00000000      -3.96995433E-02
  -3.95995450       1.87073443E-02   0.00000000      -3.95995453E-02
  -3.94995451       1.88918058E-02   0.00000000      -3.94995436E-02
  -3.93995452       1.90780479E-02   0.00000000      -3.93995456E-02
  -3.92995453       1.92660913E-02   0.00000000      -3.92995439E-02
  -3.91995454       1.94559507E-02   0.00000000      -3.91995460E-02
  -3.90995455       1.96476467E-02   0.00000000      -3.90995443E-02
  -3.89995456       1.98411904E-02   0.00000000      -3.89995463E-02
  -3.88995457       2.00366005E-02   0.00000000      -3.88995446E-02
  -3.87995458       2.02338975E-02   0.00000000      -3.87995467E-02
  -3.86995459       2.04330962E-02   0.00000000      -3.86995450E-02
  -3.85995460       2.06342153E-02   0.00000000      -3.85995433E-02
  -3.84995461       2.08372716E-02   0.00000000      -3.84995453E-02
  -3.83995461       2.10422818E-02   0.00000000      -3.83995436E-02
  -3.82995462       2.12492663E-02   0.00000000      -3.82995456E-02
  -3.81995463       2.14582421E-02   0.00000000      -3.81995440E-02
  -3.80995464       2.16692276E-02   0.00000000      -3.80995460E-02
  -3.79995465       2.18822416E-02   0.00000000      -3.79995443E-02
  -3.78995466       2.20973007E-02   0.00000000      -3.78995463E-02
  -3.77995467       2.23144274E-02   0.00000000      -3.77995446E-02
  -3.76995468       2.25336384E-02   0.00000000      -3.76995467E-02
  -3.75995469       2.27549504E-02   0.00000000      -3.75995450E-02
  -3.74995470       2.29783859E-02   0.00000000      -3.74995470E-02
  -3.73995471       2.32039634E-02   0.00000000      -3.73995453E-02
  -3.72995472       2.34317053E-02   0.00000000      -3.72995473E-02
  -3.71995473       2.36616228E-02   0.00000000      -3.71995457E-02
  -3.70995474       2.38937438E-02   0.00000000      -3.70995477E-02
  -3.69995475       2.41280869E-02   0.00000000      -3.69995460E-02
  -3.68995476       2.43646707E-02   0.00000000      -3.68995480E-02
  -3.67995477       2.46035140E-02   0.00000000      -3.67995463E-02
  -3.66995478       2.48446409E-02   0.00000000      -3.66995484E-02
  -3.65995479       2.50880681E-02   0.00000000      -3.65995467E-02
  -3.64995480       2.53338199E-02   0.00000000      -3.64995487E-02
  -3.63995481       2.55819149E-02   0.00000000      -3.63995470E-02
  -3.62995481       2.58323755E-02   0.00000000      -3.62995490E-02
  -3.61995482       2.60852240E-02   0.00000000      -3.61995474E-02
  -3.60995483       2.63404790E-02   0.00000000      -3.60995494E-02
  -3.59995484       2.65981629E-02   0.00000000      -3.59995477E-02
  -3.58995485       2.68582981E-02   0.00000000      -3.58995460E-02
  -3.57995486       2.71209087E-02   0.00000000      -3.57995480E-02
  -3.56995487       2.73860116E-02   0.00000000      -3.56995463E-02
  -3.55995488       2.76536364E-02   0.00000000      -3.55995484E-02
  -3.54995489       2.79237963E-02   0.00000000      -3.54995467E-02
  -3.53995490       2.81965230E-02   0.00000000      -3.53995487E-02
  -3.52995491       2.84718350E-02   0.00000000      -3.52995470E-02
  -3.51995492       2.87497547E-02   0.00000000      -3.51995490E-02
  -3.50995493       2.90303044E-02   0.00000000      -3.50995474E-02
  -3.49995494       2.93135121E-02   0.00000000      -3.49995494E-02
  -3.48995495       2.95993984E-02   0.00000000      -3.48995477E-02
  -3.47995496       2.98879854E-02   0.00000000      -3.47995497E-02
  -3.46995497       3.01792994E-02   0.00000000      -3.46995480E-02
  -3.45995498       3.04733627E-02   0.00000000      -3.45995501E-02
  -3.44995499       3.07702031E-02   0.00000000      -3.44995484E-02
  -3.43995500       3.10698394E-02   0.00000000      -3.43995504E-02
  -3.42995501       3.13722976E-02   0.00000000      -3.42995487E-02
  -3.41995502       3.16776074E-02   0.00000000      -3.41995507E-02
  -3.40995502       3.19857895E-02   0.00000000      -3.40995491E-02
  -3.39995503       3.22968699E-02   0.00000000      -3.39995511E-02
  -3.38995504       3.26108709E-02   0.00000000      -3.38995494E-02
  -3.37995505       3.29278260E-02   0.00000000      -3.37995514E-02
  -3.36995506       3.32477540E-02   0.00000000      -3.36995497E-02
  -3.35995507       3.35706808E-02   0.00000000      -3.35995518E-02
  -3.34995508       3.38966362E-02   0.00000000      -3.34995501E-02
  -3.33995509       3.42256427E-02   0.00000000      -3.33995484E-02
  -3.32995510       3.45577262E-02   0.00000000      -3.32995504E-02
  -3.31995511       3.48929204E-02   0.00000000      -3.31995487E-02
  -3.30995512       3.52312438E-02   0.00000000      -3.30995508E-02
  -3.29995513       3.55727300E-02   0.00000000      -3.29995491E-02
  -3.28995514       3.59173976E-02   0.00000000      -3.28995511E-02
  -3.27995515       3.62652838E-02   0.00000000      -3.27995494E-02
  -3.26995516       3.66164111E-02   0.00000000      -3.26995514E-02
  -3.25995517       3.69708054E-02   0.00000000      -3.25995497E-02
  -3.24995518       3.73284966E-02   0.00000000      -3.24995518E-02
  -3.23995519       3.76895145E-02   0.00000000      -3.23995501E-02
  -3.22995520       3.80538888E-02   0.00000000      -3.22995521E-02
  -3.21995521       3.84216420E-02   0.00000000      -3.21995504E-02
  -3.20995522       3.87928039E-02   0.00000000      -3.20995525E-02
  -3.19995522       3.91674079E-02   0.00000000      -3.19995508E-02
  -3.18995523       3.95454802E-02   0.00000000      -3.18995528E-02
  -3.17995524       3.99270505E-02   0.00000000      -3.17995511E-02
  -3.16995525       4.03121449E-02   0.00000000      -3.16995531E-02
  -3.15995526       4.07008007E-02   0.00000000      -3.15995514E-02
  -3.14995527       4.10930403E-02   0.00000000      -3.14995535E-02
  -3.13995528       4.14889008E-02   0.00000000      -3.13995518E-02
  -3.12995529       4.18884009E-02   0.00000000      -3.12995538E-02
  -3.11995530       4.22915854E-02   0.00000000      -3.11995521E-02
  -3.10995531       4.26984727E-02   0.00000000      -3.10995523E-02
  -3.09995532       4.31090966E-02   0.00000000      -3.09995525E-02
  -3.08995533       4.35234942E-02   0.00000000      -3.08995526E-02
  -3.07995534       4.39416915E-02   0.00000000      -3.07995528E-02
  -3.06995535       4.43637185E-02   0.00000000      -3.06995530E-02
  -3.05995536       4.47896123E-02   0.00000000      -3.05995531E-02
  -3.04995537       4.52193990E-02   0.00000000      -3.04995533E-02
  -3.03995538       4.56531160E-02   0.00000000      -3.03995535E-02
  -3.02995539       4.60907854E-02   0.00000000      -3.02995536E-02
  -3.01995540       4.65324558E-02   0.00000000      -3.01995538E-02
  -3.00995541       4.69781421E-02   0.00000000      -3.00995540E-02
  -2.99995542       4.74278890E-02   0.00000000      -2.99995542E-02
  -2.98995543       4.78817225E-02   0.00000000      -2.98995543E-02
  -2.97995543       4.83396798E-02   0.00000000      -2.97995545E-02
  -2.96995544       4.88017909E-02   0.00000000      -2.96995547E-02
  -2.95995545       4.92680930E-02   0.00000000      -2.95995530E-02
  -2.94995546       4.97386158E-02   0.00000000      -2.94995531E-02
  -2.93995547       5.02133965E-02   0.00000000      -2.93995533E-02
  -2.92995548       5.06924652E-02   0.00000000      -2.92995535E-02
  -2.91995549       5.11758626E-02   0.00000000      -2.91995537E-02
  -2.90995550       5.16636148E-02   0.00000000      -2.90995538E-02
  -2.89995551       5.21557629E-02   0.00000000      -2.89995540E-02
  -2.88995552       5.26523367E-02   0.00000000      -2.88995542E-02
  -2.87995553       5.31533770E-02   0.00000000      -2.87995543E-02
  -2.86995554       5.36589101E-02   0.00000000      -2.86995545E-02
  -2.85995555       5.41689768E-02   0.00000000      -2.85995547E-02
  -2.84995556       5.46836145E-02   0.00000000      -2.84995548E-02
  -2.83995557       5.52028529E-02   0.00000000      -2.83995550E-02
  -2.82995558       5.57267368E-02   0.00000000      -2.82995552E-02
  -2.81995559       5.62552921E-02   0.00000000      -2.81995554E-02
  -2.80995560       5.67885600E-02   0.00000000      -2.80995555E-02
  -2.79995561       5.73265776E-02   0.00000000      -2.79995557E-02
  -2.78995562       5.78693785E-02   0.00000000      -2.78995559E-02
  -2.77995563       5.84169962E-02   0.00000000      -2.77995560E-02
  -2.76995564       5.89694753E-02   0.00000000      -2.76995562E-02
  -2.75995564       5.95268533E-02   0.00000000      -2.75995564E-02
  -2.74995565       6.00891598E-02   0.00000000      -2.74995565E-02
  -2.73995566       6.06564321E-02   0.00000000      -2.73995567E-02
  -2.72995567       6.12287149E-02   0.00000000      -2.72995569E-02
  -2.71995568       6.18060380E-02   0.00000000      -2.71995571E-02
  -2.70995569       6.23884425E-02   0.00000000      -2.70995572E-02
  -2.69995570       6.29759729E-02   0.00000000      -2.69995555E-02
  -2.68995571       6.35686517E-02   0.00000000      -2.68995557E-02
  -2.67995572       6.41665310E-02   0.00000000      -2.67995559E-02
  -2.66995573       6.47696480E-02   0.00000000      -2.66995560E-02
  -2.65995574       6.53780401E-02   0.00000000      -2.65995562E-02
  -2.64995575       6.59917369E-02   0.00000000      -2.64995564E-02
  -2.63995576       6.66107833E-02   0.00000000      -2.63995565E-02
  -2.62995577       6.72352239E-02   0.00000000      -2.62995567E-02
  -2.61995578       6.78650886E-02   0.00000000      -2.61995569E-02
  -2.60995579       6.85004219E-02   0.00000000      -2.60995571E-02
  -2.59995580       6.91412613E-02   0.00000000      -2.59995572E-02
  -2.58995581       6.97876513E-02   0.00000000      -2.58995574E-02
  -2.57995582       7.04396218E-02   0.00000000      -2.57995576E-02
  -2.56995583       7.10972175E-02   0.00000000      -2.56995577E-02
  -2.55995584       7.17604831E-02   0.00000000      -2.55995579E-02
  -2.54995584       7.24294484E-02   0.00000000      -2.54995581E-02
  -2.53995585       7.31041655E-02   0.00000000      -2.53995582E-02
  -2.52995586       7.37846643E-02   0.00000000      -2.52995584E-02
  -2.51995587       7.44709894E-02   0.00000000      -2.51995586E-02
  -2.50995588       7.51631781E-02   0.00000000      -2.50995588E-02
  -2.49995589       7.58612752E-02   0.00000000      -2.49995589E-02
  -2.48995590       7.65653178E-02   0.00000000      -2.48995591E-02
  -2.47995591       7.72753507E-02   0.00000000      -2.47995593E-02
  -2.46995592       7.79914036E-02   0.00000000      -2.46995594E-02
  -2.45995593       7.87135288E-02   0.00000000      -2.45995596E-02
  -2.44995594       7.94417709E-02   0.00000000      -2.44995598E-02
  -2.43995595       8.01761597E-02   0.00000000      -2.43995581E-02
  -2.42995596       8.09167400E-02   0.00000000      -2.42995583E-02
  -2.41995597       8.16635564E-02   0.00000000      -2.41995584E-02
  -2.40995598       8.24166462E-02   0.00000000      -2.40995586E-02
  -2.39995599       8.31760541E-02   0.00000000      -2.39995588E-02
  -2.38995600       8.39418173E-02   0.00000000      -2.38995589E-02
  -2.37995601       8.47139806E-02   0.00000000      -2.37995591E-02
  -2.36995602       8.54925811E-02   0.00000000      -2.36995593E-02
  -2.35995603       8.62776637E-02   0.00000000      -2.35995594E-02
  -2.34995604       8.70692730E-02   0.00000000      -2.34995596E-02
  -2.33995605       8.78674388E-02   0.00000000      -2.33995598E-02
  -2.32995605       8.86722133E-02   0.00000000      -2.32995600E-02
  -2.31995606       8.94836411E-02   0.00000000      -2.31995601E-02
  -2.30995607       9.03017521E-02   0.00000000      -2.30995603E-02
  -2.29995608       9.11265984E-02   0.00000000      -2.29995605E-02
  -2.28995609       9.19582173E-02   0.00000000      -2.28995606E-02
  -2.27995610       9.27966535E-02   0.00000000      -2.27995608E-02
  -2.26995611       9.36419368E-02   0.00000000      -2.26995610E-02
  -2.25995612       9.44941267E-02   0.00000000      -2.25995611E-02
  -2.24995613       9.53532457E-02   0.00000000      -2.24995613E-02
  -2.23995614       9.62193534E-02   0.00000000      -2.23995615E-02
  -2.22995615       9.70924795E-02   0.00000000      -2.22995616E-02
  -2.21995616       9.79726762E-02   0.00000000      -2.21995618E-02
  -2.20995617       9.88599807E-02   0.00000000      -2.20995620E-02
  -2.19995618       9.97544229E-02   0.00000000      -2.19995622E-02
  -2.18995619      0.100656055       0.00000000      -2.18995605E-02
  -2.17995620      0.101564929       0.00000000      -2.17995606E-02
  -2.16995621      0.102481067       0.00000000      -2.16995608E-02
  -2.15995622      0.103404507       0.00000000      -2.15995610E-02
  -2.14995623      0.104335316       0.00000000      -2.14995611E-02
  -2.13995624      0.105273515       0.00000000      -2.13995613E-02
  -2.12995625      0.106219150       0.00000000      -2.12995615E-02
  -2.11995625      0.107172251       0.00000000      -2.11995617E-02
  -2.10995626      0.108132876       0.00000000      -2.10995618E-02
  -2.09995627      0.109101072       0.00000000      -2.09995620E-02
  -2.08995628      0.110076860       0.00000000      -2.08995622E-02
  -2.07995629      0.111060284       0.00000000      -2.07995623E-02
  -2.06995630      0.112051390       0.00000000      -2.06995625E-02
  -2.05995631      0.113050215       0.00000000      -2.05995627E-02
  -2.04995632      0.114056796       0.00000000      -2.04995628E-02
  -2.03995633      0.115071177       0.00000000      -2.03995630E-02
  -2.02995634      0.116093397       0.00000000      -2.02995632E-02
  -2.01995635      0.117123500       0.00000000      -2.01995634E-02
  -2.00995636      0.118161522       0.00000000      -2.00995635E-02
  -1.99995637      0.119207501       0.00000000      -1.99995637E-02
  -1.98995638      0.120261483       0.00000000      -1.98995639E-02
  -1.97995639      0.121323474       0.00000000      -1.97995640E-02
  -1.96995640      0.122393563       0.00000000      -1.96995642E-02
  -1.95995641      0.123471759       0.00000000      -1.95995644E-02
  -1.94995642      0.124558106       0.00000000      -1.94995645E-02
  -1.93995643      0.125652641       0.00000000      -1.93995647E-02
  -1.92995644      0.126755401       0.00000000      -1.92995630E-02
  -1.91995645      0.127866417       0.00000000      -1.91995632E-02
  -1.90995646      0.128985748       0.00000000      -1.90995634E-02
  -1.89995646      0.130113408       0.00000000      -1.89995635E-02
  -1.88995647      0.131249428       0.00000000      -1.88995637E-02
  -1.87995648      0.132393867       0.00000000      -1.87995639E-02
  -1.86995649      0.133546755       0.00000000      -1.86995640E-02
  -1.85995650      0.134708121       0.00000000      -1.85995642E-02
  -1.84995651      0.135878012       0.00000000      -1.84995644E-02
  -1.83995652      0.137056425       0.00000000      -1.83995645E-02
  -1.82995653      0.138243452       0.00000000      -1.82995647E-02
  -1.81995654      0.139439091       0.00000000      -1.81995649E-02
  -1.80995655      0.140643373       0.00000000      -1.80995651E-02
  -1.79995656      0.141856357       0.00000000      -1.79995652E-02
  -1.78995657      0.143078044       0.00000000      -1.78995654E-02
  -1.77995658      0.144308493       0.00000000      -1.77995656E-02
  -1.76995659      0.145547733       0.00000000      -1.76995657E-02
  -1.75995660      0.146795779       0.00000000      -1.75995659E-02
  -1.74995661      0.148052663       0.00000000      -1.74995661E-02
  -1.73995662      0.149318442       0.00000000      -1.73995662E-02
  -1.72995663      0.150593117       0.00000000      -1.72995664E-02
  -1.71995664      0.151876748       0.00000000      -1.71995666E-02
  -1.70995665      0.153169334       0.00000000      -1.70995668E-02
  -1.69995666      0.154470921       0.00000000      -1.69995669E-02
  -1.68995667      0.155781537       0.00000000      -1.68995671E-02
  -1.67995667      0.157101199       0.00000000      -1.67995673E-02
  -1.66995668      0.158429950       0.00000000      -1.66995656E-02
  -1.65995669      0.159767807       0.00000000      -1.65995657E-02
  -1.64995670      0.161114812       0.00000000      -1.64995659E-02
  -1.63995671      0.162470952       0.00000000      -1.63995661E-02
  -1.62995672      0.163836285       0.00000000      -1.62995663E-02
  -1.61995673      0.165210843       0.00000000      -1.61995664E-02
  -1.60995674      0.166594610       0.00000000      -1.60995666E-02
  -1.59995675      0.167987660       0.00000000      -1.59995668E-02
  -1.58995676      0.169389978       0.00000000      -1.58995669E-02
  -1.57995677      0.170801610       0.00000000      -1.57995671E-02
  -1.56995678      0.172222555       0.00000000      -1.56995673E-02
  -1.55995679      0.173652858       0.00000000      -1.55995674E-02
  -1.54995680      0.175092518       0.00000000      -1.54995676E-02
  -1.53995681      0.176541552       0.00000000      -1.53995678E-02
  -1.52995682      0.178000003       0.00000000      -1.52995680E-02
  -1.51995683      0.179467887       0.00000000      -1.51995681E-02
  -1.50995684      0.180945188       0.00000000      -1.50995683E-02
  -1.49995685      0.182431951       0.00000000      -1.49995685E-02
  -1.48995686      0.183928207       0.00000000      -1.48995686E-02
  -1.47995687      0.185433939       0.00000000      -1.47995679E-02
  -1.46995687      0.186949164       0.00000000      -1.46995680E-02
  -1.45995688      0.188473925       0.00000000      -1.45995682E-02
  -1.44995689      0.190008193       0.00000000      -1.44995684E-02
  -1.43995690      0.191552028       0.00000000      -1.43995686E-02
  -1.42995691      0.193105400       0.00000000      -1.42995687E-02
  -1.41995692      0.194668338       0.00000000      -1.41995689E-02
  -1.40995693      0.196240857       0.00000000      -1.40995691E-02
  -1.39995694      0.197822928       0.00000000      -1.39995692E-02
  -1.38995695      0.199414641       0.00000000      -1.38995694E-02
  -1.37995696      0.201015919       0.00000000      -1.37995696E-02
  -1.36995697      0.202626795       0.00000000      -1.36995697E-02
  -1.35995698      0.204247296       0.00000000      -1.35995699E-02
  -1.34995699      0.205877393       0.00000000      -1.34995691E-02
  -1.33995700      0.207517132       0.00000000      -1.33995693E-02
  -1.32995701      0.209166467       0.00000000      -1.32995695E-02
  -1.31995702      0.210825443       0.00000000      -1.31995697E-02
  -1.30995703      0.212494031       0.00000000      -1.30995698E-02
  -1.29995704      0.214172259       0.00000000      -1.29995700E-02
  -1.28995705      0.215860084       0.00000000      -1.28995702E-02
  -1.27995706      0.217557535       0.00000000      -1.27995703E-02
  -1.26995707      0.219264612       0.00000000      -1.26995705E-02
  -1.25995708      0.220981270       0.00000000      -1.25995707E-02
  -1.24995708      0.222707555       0.00000000      -1.24995708E-02
  -1.23995709      0.224443451       0.00000000      -1.23995710E-02
  -1.22995710      0.226188943       0.00000000      -1.22995712E-02
  -1.21995711      0.227944002       0.00000000      -1.21995704E-02
  -1.20995712      0.229708627       0.00000000      -1.20995706E-02
  -1.19995713      0.231482834       0.00000000      -1.19995708E-02
  -1.18995714      0.233266592       0.00000000      -1.18995709E-02
  -1.17995715      0.235059902       0.00000000      -1.17995711E-02
  -1.16995716      0.236862719       0.00000000      -1.16995713E-02
  -1.15995717      0.238675073       0.00000000      -1.15995714E-02
  -1.14995718      0.240496904       0.00000000      -1.14995716E-02
  -1.13995719      0.242328212       0.00000000      -1.13995718E-02
  -1.12995720      0.244169012       0.00000000      -1.12995720E-02
  -1.11995721      0.246019229       0.00000000      -1.11995721E-02
  -1.10995722      0.247878879       0.00000000      -1.10995723E-02
  -1.09995723      0.249747887       0.00000000      -1.09995725E-02
  -1.08995724      0.251626343       0.00000000      -1.08995717E-02
  -1.07995725      0.253514111       0.00000000      -1.07995719E-02
  -1.06995726      0.255411208       0.00000000      -1.06995720E-02
  -1.05995727      0.257317632       0.00000000      -1.05995722E-02
  -1.04995728      0.259233326       0.00000000      -1.04995724E-02
  -1.03995728      0.261158228       0.00000000      -1.03995726E-02
  -1.02995729      0.263092369       0.00000000      -1.02995727E-02
  -1.01995730      0.265035719       0.00000000      -1.01995729E-02
  -1.00995731      0.266988188       0.00000000      -1.00995731E-02
 -0.999957323      0.268949807       0.00000000      -9.99957323E-03
 -0.989957333      0.270920515       0.00000000      -9.89957340E-03
 -0.979957342      0.272900254       0.00000000      -9.79957357E-03
 -0.969957352      0.274888992       0.00000000      -9.69957374E-03
 -0.959957361      0.276886731       0.00000000      -9.59957298E-03
 -0.949957371      0.278893381       0.00000000      -9.49957315E-03
 -0.939957380      0.280908942       0.00000000      -9.39957332E-03
 -0.929957390      0.282933354       0.00000000      -9.29957349E-03
 -0.919957399      0.284966588       0.00000000      -9.19957366E-03
 -0.909957409      0.287008554       0.00000000      -9.09957383E-03
 -0.899957418      0.289059252       0.00000000      -8.99957400E-03
 -0.889957428      0.291118622       0.00000000      -8.89957417E-03
 -0.879957438      0.293186605       0.00000000      -8.79957434E-03
 -0.869957447      0.295263141       0.00000000      -8.69957451E-03
 -0.859957457      0.297348231       0.00000000      -8.59957468E-03
 -0.849957466      0.299441785       0.00000000      -8.49957485E-03
 -0.839957476      0.301543742       0.00000000      -8.39957502E-03
 -0.829957485      0.303654075       0.00000000      -8.29957426E-03
 -0.819957495      0.305772692       0.00000000      -8.19957443E-03
 -0.809957504      0.307899535       0.00000000      -8.09957460E-03
 -0.799957514      0.310034603       0.00000000      -7.99957477E-03
 -0.789957523      0.312177777       0.00000000      -7.89957494E-03
 -0.779957533      0.314329058       0.00000000      -7.79957511E-03
 -0.769957542      0.316488296       0.00000000      -7.69957528E-03
 -0.759957552      0.318655491       0.00000000      -7.59957545E-03
 -0.749957561      0.320830554       0.00000000      -7.49957561E-03
 -0.739957571      0.323013425       0.00000000      -7.39957532E-03
 -0.729957581      0.325204015       0.00000000      -7.29957549E-03
 -0.719957590      0.327402323       0.00000000      -7.19957566E-03
 -0.709957600      0.329608202       0.00000000      -7.09957583E-03
 -0.699957609      0.331821620       0.00000000      -6.99957600E-03
 -0.689957619      0.334042519       0.00000000      -6.89957617E-03
 -0.679957628      0.336270779       0.00000000      -6.79957634E-03
 -0.669957638      0.338506341       0.00000000      -6.69957604E-03
 -0.659957647      0.340749115       0.00000000      -6.59957621E-03
 -0.649957657      0.342999101       0.00000000      -6.49957638E-03
 -0.639957666      0.345256120       0.00000000      -6.39957655E-03
 -0.629957676      0.347520143       0.00000000      -6.29957672E-03
 -0.619957685      0.349791050       0.00000000      -6.19957689E-03
 -0.609957695      0.352068841       0.00000000      -6.09957660E-03
 -0.599957705      0.354353368       0.00000000      -5.99957677E-03
 -0.589957714      0.356644541       0.00000000      -5.89957694E-03
 -0.579957724      0.358942300       0.00000000      -5.79957711E-03
 -0.569957733      0.361246586       0.00000000      -5.69957728E-03
 -0.559957743      0.363557249       0.00000000      -5.59957745E-03
 -0.549957752      0.365874201       0.00000000      -5.49957762E-03
 -0.539957762      0.368197411       0.00000000      -5.39957732E-03
 -0.529957771      0.370526731       0.00000000      -5.29957749E-03
 -0.519957781      0.372862101       0.00000000      -5.19957766E-03
 -0.509957790      0.375203431       0.00000000      -5.09957783E-03
 -0.499957800      0.377550602       0.00000000      -4.99957800E-03
 -0.489957809      0.379903495       0.00000000      -4.89957817E-03
 -0.479957819      0.382262051       0.00000000      -4.79957787E-03
 -0.469957829      0.384626240       0.00000000      -4.69957804E-03
 -0.459957838      0.386995822       0.00000000      -4.59957821E-03
 -0.449957848      0.389370769       0.00000000      -4.49957838E-03
 -0.439957857      0.391750991       0.00000000      -4.39957855E-03
 -0.429957867      0.394136369       0.00000000      -4.29957872E-03
 -0.419957876      0.396526843       0.00000000      -4.19957889E-03
 -0.409957886      0.398922205       0.00000000      -4.09957860E-03
 -0.399957895      0.401322454       0.00000000      -3.99957877E-03
 -0.389957905      0.403727412       0.00000000      -3.89957894E-03
 -0.379957914      0.406137049       0.00000000      -3.79957911E-03
 -0.369957924      0.408551186       0.00000000      -3.69957904E-03
 -0.359957933      0.410969764       0.00000000      -3.59957921E-03
 -0.349957943      0.413392633       0.00000000      -3.49957938E-03
 -0.339957952      0.415819675       0.00000000      -3.39957955E-03
 -0.329957962      0.418250859       0.00000000      -3.29957949E-03
 -0.319957972      0.420685977       0.00000000      -3.19957966E-03
 -0.309957981      0.423124999       0.00000000      -3.09957983E-03
 -0.299957991      0.425567776       0.00000000      -2.99957977E-03
 -0.289958000      0.428014129       0.00000000      -2.89957994E-03
 -0.279958010      0.430464059       0.00000000      -2.79958011E-03
 -0.269958019      0.432917416       0.00000000      -2.69958004E-03
 -0.259958029      0.435374051       0.00000000      -2.59958021E-03
 -0.249958023      0.437833816       0.00000000      -2.49958015E-03
 -0.239958018      0.440296680       0.00000000      -2.39958009E-03
 -0.229958013      0.442762464       0.00000000      -2.29958002E-03
 -0.219958007      0.445231140       0.00000000      -2.19957996E-03
 -0.209958002      0.447702438       0.00000000      -2.09957990E-03
 -0.199957997      0.450176358       0.00000000      -1.99957984E-03
 -0.189957991      0.452652752       0.00000000      -1.89957989E-03
 -0.179957986      0.455131561       0.00000000      -1.79957983E-03
 -0.169957981      0.457612485       0.00000000      -1.69957976E-03
 -0.159957975      0.460095584       0.00000000      -1.59957970E-03
 -0.149957970      0.462580621       0.00000000      -1.49957964E-03
 -0.139957964      0.465067536       0.00000000      -1.39957957E-03
 -0.129957959      0.467556149       0.00000000      -1.29957951E-03
 -0.119957961      0.470046401       0.00000000      -1.19957956E-03
 -0.109957963      0.472538173       0.00000000      -1.09957962E-03
  -9.99579653E-02  0.475031286       0.00000000      -9.99579672E-04
  -8.99579674E-02  0.477525711       0.00000000      -8.99579667E-04
  -7.99579695E-02  0.480021179       0.00000000      -7.99579662E-04
  -6.99579716E-02  0.482517660       0.00000000      -6.99579716E-04
  -5.99579737E-02  0.485015005       0.00000000      -5.99579711E-04
  -4.99579757E-02  0.487513065       0.00000000      -4.99579764E-04
  -3.99579778E-02  0.490011811       0.00000000      -3.99579760E-04
  -2.99579781E-02  0.492511064       0.00000000      -2.99579784E-04
  -1.99579783E-02  0.495010644       0.00000000      -1.99579779E-04
  -9.95797850E-03  0.497510493       0.00000000      -9.95797818E-05
   4.20212746E-05  0.500010490       4.20212746E-05   4.20212746E-05
   1.00420211E-02  0.502510488       1.00420211E-02   1.00420211E-02
   2.00420208E-02  0.505010307       2.00420208E-02   2.00420208E-02
   3.00420206E-02  0.507509947       3.00420206E-02   3.00420206E-02
   4.00420204E-02  0.510009170       4.00420204E-02   4.00420204E-02
   5.00420183E-02  0.512507856       5.00420183E-02   5.00420183E-02
   6.00420162E-02  0.515006006       6.00420162E-02   6.00420162E-02
   7.00420141E-02  0.517503321       7.00420141E-02   7.00420141E-02
   8.00420120E-02  0.519999802       8.00420120E-02   8.00420120E-02
   9.00420099E-02  0.522495329       9.00420099E-02   9.00420099E-02
  0.100042008      0.524989665      0.100042008      0.100042008    
  0.110042006      0.527482748      0.110042006      0.110042006    
  0.120042004      0.529974520      0.120042004      0.120042004    
  0.130042002      0.532464743      0.130042002      0.130042002    
  0.140042007      0.534953415      0.140042007      0.140042007    
  0.150042012      0.537440300      0.150042012      0.150042012    
  0.160042018      0.539925337      0.160042018      0.160042018    
  0.170042023      0.542408347      0.170042023      0.170042023    
  0.180042028      0.544889331      0.180042028      0.180042028    
  0.190042034      0.547368050      0.190042034      0.190042034    
  0.200042039      0.549844444      0.200042039      0.200042039    
  0.210042045      0.552318275      0.210042045      0.210042045    
  0.220042050      0.554789662      0.220042050      0.220042050    
  0.230042055      0.557258248      0.230042055      0.230042055    
  0.240042061      0.559724033      0.240042061      0.240042061    
  0.250042051      0.562186837      0.250042051      0.250042051    
  0.260042042      0.564646602      0.260042042      0.260042042    
  0.270042032      0.567103207      0.270042032      0.270042032    
  0.280042022      0.569556534      0.280042022      0.280042022    
  0.290042013      0.572006404      0.290042013      0.290042013    
  0.300042003      0.574452817      0.300042003      0.300042003    
  0.310041994      0.576895535      0.310041994      0.310041994    
  0.320041984      0.579334497      0.320041984      0.320041984    
  0.330041975      0.581769586      0.330041975      0.330041975    
  0.340041965      0.584200680      0.340041965      0.340041965    
  0.350041956      0.586627781      0.350041956      0.350041956    
  0.360041946      0.589050591      0.360041946      0.360041946    
  0.370041937      0.591469109      0.370041937      0.370041937    
  0.380041927      0.593883216      0.380041927      0.380041927    
  0.390041918      0.596292794      0.390041918      0.390041918    
  0.400041908      0.598697722      0.400041908      0.400041908    
  0.410041898      0.601097941      0.410041898      0.410041898    
  0.420041889      0.603493273      0.420041889      0.420041889    
  0.430041879      0.605883658      0.430041879      0.430041879    
  0.440041870      0.608268976      0.440041870      0.440041870    
  0.450041860      0.610649228      0.450041860      0.450041860    
  0.460041851      0.613024056      0.460041851      0.460041851    
  0.470041841      0.615393639      0.470041841      0.470041841    
  0.480041832      0.617757738      0.480041832      0.480041832    
  0.490041822      0.620116293      0.490041822      0.490041822    
  0.500041842      0.622469187      0.500041842      0.500041842    
  0.510041833      0.624816239      0.510041833      0.510041833    
  0.520041823      0.627157569      0.520041823      0.520041823    
  0.530041814      0.629492879      0.530041814      0.530041814    
  0.540041804      0.631822169      0.540041804      0.540041804    
  0.550041795      0.634145260      0.550041795      0.550041795    
  0.560041785      0.636462271      0.560041785      0.560041785    
  0.570041776      0.638772845      0.570041776      0.570041776    
  0.580041766      0.641076982      0.580041766      0.580041766    
  0.590041757      0.643374741      0.590041757      0.590041757    
  0.600041747      0.645665824      0.600041747      0.600041747    
  0.610041738      0.647950351      0.610041738      0.610041738    
  0.620041728      0.650228083      0.620041728      0.620041728    
  0.630041718      0.652498901      0.630041718      0.630041718    
  0.640041709      0.654762864      0.640041709      0.640041709    
  0.650041699      0.657019854      0.650041699      0.650041699    
  0.660041690      0.659269750      0.660041690      0.660041690    
  0.670041680      0.661512494      0.670041680      0.670041680    
  0.680041671      0.663748026      0.680041671      0.680041671    
  0.690041661      0.665976167      0.690041661      0.690041661    
  0.700041652      0.668196976      0.700041652      0.700041652    
  0.710041642      0.670410335      0.710041642      0.710041642    
  0.720041633      0.672616184      0.720041633      0.720041633    
  0.730041623      0.674814403      0.730041623      0.730041623    
  0.740041614      0.677004933      0.740041614      0.740041614    
  0.750041604      0.679187775      0.750041604      0.750041604    
  0.760041595      0.681362748      0.760041595      0.760041595    
  0.770041585      0.683529854      0.770041585      0.770041585    
  0.780041575      0.685689092      0.780041575      0.780041575    
  0.790041566      0.687840223      0.790041566      0.790041566    
  0.800041556      0.689983368      0.800041556      0.800041556    
  0.810041547      0.692118347      0.810041547      0.810041547    
  0.820041537      0.694245160      0.820041537      0.820041537    
  0.830041528      0.696363688      0.830041528      0.830041528    
  0.840041518      0.698473930      0.840041518      0.840041518    
  0.850041509      0.700575829      0.850041509      0.850041509    
  0.860041499      0.702669322      0.860041499      0.860041499    
  0.870041490      0.704754353      0.870041490      0.870041490    
  0.880041480      0.706830800      0.880041480      0.880041480    
  0.890041471      0.708898723      0.890041471      0.890041471    
  0.900041461      0.710958004      0.900041461      0.900041461    
  0.910041451      0.713008642      0.910041451      0.910041451    
  0.920041442      0.715050519      0.920041442      0.920041442    
  0.930041432      0.717083693      0.930041432      0.930041432    
  0.940041423      0.719108045      0.940041423      0.940041423    
  0.950041413      0.721123517      0.950041413      0.950041413    
  0.960041404      0.723130107      0.960041404      0.960041404    
  0.970041394      0.725127697      0.970041394      0.970041394    
  0.980041385      0.727116406      0.980041385      0.980041385    
  0.990041375      0.729096115      0.990041375      0.990041375    
   1.00004137      0.731066704       1.00004137       1.00004137    
   1.01004136      0.733028233       1.01004136       1.01004136    
   1.02004135      0.734980702       1.02004135       1.02004135    
   1.03004134      0.736923873       1.03004134       1.03004134    
   1.04004133      0.738857985       1.04004133       1.04004133    
   1.05004132      0.740782857       1.05004132       1.05004132    
   1.06004131      0.742698431       1.06004131       1.06004131    
   1.07004130      0.744604766       1.07004130       1.07004130    
   1.08004129      0.746501803       1.08004129       1.08004129    
   1.09004128      0.748389482       1.09004128       1.09004128    
   1.10004127      0.750267804       1.10004127       1.10004127    
   1.11004126      0.752136767       1.11004126       1.11004126    
   1.12004125      0.753996372       1.12004125       1.12004125    
   1.13004124      0.755846500       1.13004124       1.13004124    
   1.14004123      0.757687211       1.14004123       1.14004123    
   1.15004122      0.759518445       1.15004122       1.15004122    
   1.16004121      0.761340201       1.16004121       1.16004121    
   1.17004120      0.763152480       1.17004120       1.17004120    
   1.18004119      0.764955163       1.18004119       1.18004119    
   1.19004118      0.766748428       1.19004118       1.19004118    
   1.20004117      0.768532097       1.20004117       1.20004117    
   1.21004117      0.770306230       1.21004117       1.21004117    
   1.22004116      0.772070825       1.22004116       1.22004116    
   1.23004115      0.773825765       1.23004115       1.23004115    
   1.24004114      0.775571167       1.24004114       1.24004114    
   1.25004113      0.777306974       1.25004113       1.25004113    
   1.26004112      0.779033244       1.26004112       1.26004112    
   1.27004111      0.780749738       1.27004111       1.27004111    
   1.28004110      0.782456756       1.28004110       1.28004110    
   1.29004109      0.784154117       1.29004109       1.29004109    
   1.30004108      0.785841942       1.30004108       1.30004108    
   1.31004107      0.787519991       1.31004107       1.31004107    
   1.32004106      0.789188564       1.32004106       1.32004106    
   1.33004105      0.790847421       1.33004105       1.33004105    
   1.34004104      0.792496741       1.34004104       1.34004104    
   1.35004103      0.794136286       1.35004103       1.35004103    
   1.36004102      0.795766413       1.36004102       1.36004102    
   1.37004101      0.797386825       1.37004101       1.37004101    
   1.38004100      0.798997581       1.38004100       1.38004100    
   1.39004099      0.800598741       1.39004099       1.39004099    
   1.40004098      0.802190423       1.40004098       1.40004098    
   1.41004097      0.803772449       1.41004097       1.41004097    
   1.42004097      0.805344820       1.42004097       1.42004097    
   1.43004096      0.806907713       1.43004096       1.43004096    
   1.44004095      0.808460951       1.44004095       1.44004095    
   1.45004094      0.810004711       1.45004094       1.45004094    
   1.46004093      0.811538935       1.46004093       1.46004093    
   1.47004092      0.813063622       1.47004092       1.47004092    
   1.48004091      0.814578772       1.48004091       1.48004091    
   1.49004090      0.816084385       1.49004090       1.49004090    
   1.50004089      0.817580581       1.50004089       1.50004089    
   1.51004088      0.819067240       1.51004088       1.51004088    
   1.52004087      0.820544541       1.52004087       1.52004087    
   1.53004086      0.822012246       1.53004086       1.53004086    
   1.54004085      0.823470652       1.54004085       1.54004085    
   1.55004084      0.824919641       1.55004084       1.55004084    
   1.56004083      0.826359212       1.56004083       1.56004083    
   1.57004082      0.827789426       1.57004082       1.57004082    
   1.58004081      0.829210281       1.58004081       1.58004081    
   1.59004080      0.830621839       1.59004080       1.59004080    
   1.60004079      0.832024038       1.60004079       1.60004079    
   1.61004078      0.833417058       1.61004078       1.61004078    
   1.62004077      0.834800720       1.62004077       1.62004077    
   1.63004076      0.836175263       1.63004076       1.63004076    
   1.64004076      0.837540507       1.64004076       1.64004076    
   1.65004075      0.838896513       1.65004075       1.65004075    
   1.66004074      0.840243518       1.66004074       1.66004074    
   1.67004073      0.841581285       1.67004073       1.67004073    
   1.68004072      0.842909873       1.68004072       1.68004072    
   1.69004071      0.844229519       1.69004071       1.69004071    
   1.70004070      0.845540047       1.70004070       1.70004070    
   1.71004069      0.846841633       1.71004069       1.71004069    
   1.72004068      0.848134041       1.72004068       1.72004068    
   1.73004067      0.849417627       1.73004067       1.73004067    
   1.74004066      0.850692213       1.74004066       1.74004066    
   1.75004065      0.851957977       1.75004065       1.75004065    
   1.76004064      0.853214800       1.76004064       1.76004064    
   1.77004063      0.854462683       1.77004063       1.77004063    
   1.78004062      0.855701864       1.78004062       1.78004062    
   1.79004061      0.856932282       1.79004061       1.79004061    
   1.80004060      0.858153880       1.80004060       1.80004060    
   1.81004059      0.859366775       1.81004059       1.81004059    
   1.82004058      0.860571027       1.82004058       1.82004058    
   1.83004057      0.861766577       1.83004057       1.83004057    
   1.84004056      0.862953484       1.84004056       1.84004056    
   1.85004056      0.864131808       1.85004056       1.85004056    
   1.86004055      0.865301669       1.86004055       1.86004055    
   1.87004054      0.866462946       1.87004054       1.87004054    
   1.88004053      0.867615759       1.88004053       1.88004053    
   1.89004052      0.868760109       1.89004052       1.89004052    
   1.90004051      0.869896054       1.90004051       1.90004051    
   1.91004050      0.871023715       1.91004050       1.91004050    
   1.92004049      0.872142971       1.92004049       1.92004049    
   1.93004048      0.873253882       1.93004048       1.93004048    
   1.94004047      0.874356627       1.94004047       1.94004047    
   1.95004046      0.875451088       1.95004046       1.95004046    
   1.96004045      0.876537383       1.96004045       1.96004045    
   1.97004044      0.877615392       1.97004044       1.97004044    
   1.98004043      0.878685474       1.98004043       1.98004043    
   1.99004042      0.879747391       1.99004042       1.99004042    
   2.00004053      0.880801320       2.00004053       2.00004053    
   2.01004052      0.881847262       2.01004052       2.01004052    
   2.02004051      0.882885158       2.02004051       2.02004051    
   2.03004050      0.883915186       2.03004050       2.03004050    
   2.04004049      0.884937346       2.04004049       2.04004049    
   2.05004048      0.885951698       2.05004048       2.05004048    
   2.06004047      0.886958241       2.06004047       2.06004047    
   2.07004046      0.887957036       2.07004046       2.07004046    
   2.08004045      0.888948023       2.08004045       2.08004045    
   2.09004045      0.889931381       2.09004045       2.09004045    
   2.10004044      0.890907168       2.10004044       2.10004044    
   2.11004043      0.891875207       2.11004043       2.11004043    
   2.12004042      0.892835736       2.12004042       2.12004042    
   2.13004041      0.893788874       2.13004041       2.13004041    
   2.14004040      0.894734442       2.14004040       2.14004040    
   2.15004039      0.895672619       2.15004039       2.15004039    
   2.16004038      0.896603286       2.16004038       2.16004038    
   2.17004037      0.897526622       2.17004037       2.17004037    
   2.18004036      0.898442745       2.18004036       2.18004036    
   2.19004035      0.899351537       2.19004035       2.19004035    
   2.20004034      0.900253117       2.20004034       2.20004034    
   2.21004033      0.901147485       2.21004033       2.21004033    
   2.22004032      0.902034819       2.22004032       2.22004032    
   2.23004031      0.902914822       2.23004031       2.23004031    
   2.24004030      0.903787911       2.24004030       2.24004030    
   2.25004029      0.904654026       2.25004029       2.25004029    
   2.26004028      0.905513108       2.26004028       2.26004028    
   2.27004027      0.906365275       2.27004027       2.27004027    
   2.28004026      0.907210410       2.28004026       2.28004026    
   2.29004025      0.908048868       2.29004025       2.29004025    
   2.30004025      0.908880413       2.30004025       2.30004025    
   2.31004024      0.909705162       2.31004024       2.31004024    
   2.32004023      0.910523236       2.32004023       2.32004023    
   2.33004022      0.911334574       2.33004022       2.33004022    
   2.34004021      0.912139356       2.34004021       2.34004021    
   2.35004020      0.912937462       2.35004020       2.35004020    
   2.36004019      0.913729012       2.36004019       2.36004019    
   2.37004018      0.914513946       2.37004018       2.37004018    
   2.38004017      0.915292561       2.38004017       2.38004017    
   2.39004016      0.916064620       2.39004016       2.39004016    
   2.40004015      0.916830361       2.40004015       2.40004015    
   2.41004014      0.917589724       2.41004014       2.41004014    
   2.42004013      0.918342710       2.42004013       2.42004013    
   2.43004012      0.919089496       2.43004012       2.43004012    
   2.44004011      0.919830024       2.44004011       2.44004011    
   2.45004010      0.920564413       2.45004010       2.45004010    
   2.46004009      0.921292543       2.46004009       2.46004009    
   2.47004008      0.922014654       2.47004008       2.47004008    
   2.48004007      0.922730625       2.48004007       2.48004007    
   2.49004006      0.923440695       2.49004006       2.49004006    
   2.50004005      0.924144685       2.50004005       2.50004005    
   2.51004004      0.924842656       2.51004004       2.51004004    
   2.52004004      0.925534844       2.52004004       2.52004004    
   2.53004003      0.926221013       2.53004003       2.53004003    
   2.54004002      0.926901519       2.54004002       2.54004002    
   2.55004001      0.927576244       2.55004001       2.55004001    
   2.56004000      0.928245127       2.56004000       2.56004000    
   2.57003999      0.928908348       2.57003999       2.57003999    
   2.58003998      0.929565907       2.58003998       2.58003998    
   2.59003997      0.930217743       2.59003997       2.59003997    
   2.60003996      0.930864155       2.60003996       2.60003996    
   2.61003995      0.931504905       2.61003995       2.61003995    
   2.62003994      0.932140291       2.62003994       2.62003994    
   2.63003993      0.932770014       2.63003993       2.63003993    
   2.64003992      0.933394432       2.64003992       2.64003992    
   2.65003991      0.934013426       2.65003991       2.65003991    
   2.66003990      0.934627056       2.66003990       2.66003990    
   2.67003989      0.935235381       2.67003989       2.67003989    
   2.68003988      0.935838580       2.68003988       2.68003988    
   2.69003987      0.936436355       2.69003987       2.69003987    
   2.70003986      0.937029004       2.70003986       2.70003986    
   2.71003985      0.937616467       2.71003985       2.71003985    
   2.72003984      0.938198805       2.72003984       2.72003984    
   2.73003983      0.938776135       2.73003983       2.73003983    
   2.74003983      0.939348340       2.74003983       2.74003983    
   2.75003982      0.939915657       2.75003982       2.75003982    
   2.76003981      0.940477848       2.76003981       2.76003981    
   2.77003980      0.941035211       2.77003980       2.77003980    
   2.78003979      0.941587627       2.78003979       2.78003979    
   2.79003978      0.942135215       2.79003978       2.79003978    
   2.80003977      0.942677915       2.80003977       2.80003977    
   2.81003976      0.943215966       2.81003976       2.81003976    
   2.82003975      0.943749189       2.82003975       2.82003975    
   2.83003974      0.944277704       2.83003974       2.83003974    
   2.84003973      0.944801509       2.84003973       2.84003973    
   2.85003972      0.945320725       2.85003972       2.85003972    
   2.86003971      0.945835352       2.86003971       2.86003971    
   2.87003970      0.946345389       2.87003970       2.87003970    
   2.88003969      0.946850836       2.88003969       2.88003969    
   2.89003968      0.947351813       2.89003968       2.89003968    
   2.90003967      0.947848380       2.90003967       2.90003967    
   2.91003966      0.948340535       2.91003966       2.91003966    
   2.92003965      0.948828161       2.92003965       2.92003965    
   2.93003964      0.949311614       2.93003964       2.93003964    
   2.94003963      0.949790657       2.94003963       2.94003963    
   2.95003963      0.950265348       2.95003963       2.95003963    
   2.96003962      0.950735867       2.96003962       2.96003962    
   2.97003961      0.951202154       2.97003961       2.97003961    
   2.98003960      0.951664209       2.98003960       2.98003960    
   2.99003959      0.952122092       2.99003959       2.99003959    
   3.00003958      0.952575862       3.00003958       3.00003958    
   3.01003957      0.953025639       3.01003957       3.01003957    
   3.02003956      0.953471303       3.02003956       3.02003956    
   3.03003955      0.953912914       3.03003955       3.03003955    
   3.04003954      0.954350591       3.04003954       3.04003954    
   3.05003953      0.954784214       3.05003953       3.05003953    
   3.06003952      0.955213964       3.06003952       3.06003952    
   3.07003951      0.955639780       3.07003951       3.07003951    
   3.08003950      0.956061840       3.08003950       3.08003950    
   3.09003949      0.956480026       3.09003949       3.09003949    
   3.10003948      0.956894398       3.10003948       3.10003948    
   3.11003947      0.957305014       3.11003947       3.11003947    
   3.12003946      0.957711756       3.12003946       3.12003946    
   3.13003945      0.958114982       3.13003945       3.13003945    
   3.14003944      0.958514452       3.14003944       3.14003944    
   3.15003943      0.958910227       3.15003943       3.15003943    
   3.16003942      0.959302485       3.16003942       3.16003942    
   3.17003942      0.959691107       3.17003942       3.17003942    
   3.18003941      0.960076153       3.18003941       3.18003941    
   3.19003940      0.960457742       3.19003940       3.19003940    
   3.20003939      0.960835695       3.20003939       3.20003939    
   3.21003938      0.961210370       3.21003938       3.21003938    
   3.22003937      0.961581469       3.22003937       3.22003937    
   3.23003936      0.961949229       3.23003936       3.23003936    
   3.24003935      0.962313473       3.24003935       3.24003935    
   3.25003934      0.962674499       3.25003934       3.25003934    
   3.26003933      0.963032126       3.26003933       3.26003933    
   3.27003932      0.963386595       3.27003932       3.27003932    
   3.28003931      0.963737667       3.28003931       3.28003931    
   3.29003930      0.964085460       3.29003930       3.29003930    
   3.30003929      0.964430213       3.30003929       3.30003929    
   3.31003928      0.964771569       3.31003928       3.31003928    
   3.32003927      0.965109944       3.32003927       3.32003927    
   3.33003926      0.965445042       3.33003926       3.33003926    
   3.34003925      0.965777159       3.34003925       3.34003925    
   3.35003924      0.966106176       3.35003924       3.35003924    
   3.36003923      0.966432035       3.36003923       3.36003923    
   3.37003922      0.966754913       3.37003922       3.37003922    
   3.38003922      0.967074811       3.38003922       3.38003922    
   3.39003921      0.967391729       3.39003921       3.39003921    
   3.40003920      0.967705786       3.40003920       3.40003920    
   3.41003919      0.968016803       3.41003919       3.41003919    
   3.42003918      0.968324959       3.42003918       3.42003918    
   3.43003917      0.968630254       3.43003917       3.43003917    
   3.44003916      0.968932629       3.44003916       3.44003916    
   3.45003915      0.969232321       3.45003915       3.45003915    
   3.46003914      0.969529092       3.46003914       3.46003914    
   3.47003913      0.969823182       3.47003913       3.47003913    
   3.48003912      0.970114470       3.48003912       3.48003912    
   3.49003911      0.970403016       3.49003911       3.49003911    
   3.50003910      0.970688879       3.50003910       3.50003910    
   3.51003909      0.970972061       3.51003909       3.51003909    
   3.52003908      0.971252620       3.52003908       3.52003908    
   3.53003907      0.971530497       3.53003907       3.53003907    
   3.54003906      0.971805751       3.54003906       3.54003906    
   3.55003905      0.972078502       3.55003905       3.55003905    
   3.56003904      0.972348630       3.56003904       3.56003904    
   3.57003903      0.972616255       3.57003903       3.57003903    
   3.58003902      0.972881317       3.58003902       3.58003902    
   3.59003901      0.973143876       3.59003901       3.59003901    
   3.60003901      0.973404050       3.60003901       3.60003901    
   3.61003900      0.973661721       3.61003900       3.61003900    
   3.62003899      0.973916888       3.62003899       3.62003899    
   3.63003898      0.974169791       3.63003898       3.63003898    
   3.64003897      0.974420190       3.64003897       3.64003897    
   3.65003896      0.974668264       3.65003896       3.65003896    
   3.66003895      0.974913955       3.66003895       3.66003895    
   3.67003894      0.975157380       3.67003894       3.67003894    
   3.68003893      0.975398540       3.68003893       3.68003893    
   3.69003892      0.975637376       3.69003892       3.69003892    
   3.70003891      0.975873888       3.70003891       3.70003891    
   3.71003890      0.976108253       3.71003890       3.71003890    
   3.72003889      0.976340353       3.72003889       3.72003889    
   3.73003888      0.976570189       3.73003888       3.73003888    
   3.74003887      0.976797938       3.74003887       3.74003887    
   3.75003886      0.977023542       3.75003886       3.75003886    
   3.76003885      0.977246881       3.76003885       3.76003885    
   3.77003884      0.977468252       3.77003884       3.77003884    
   3.78003883      0.977687418       3.78003883       3.78003883    
   3.79003882      0.977904558       3.79003882       3.79003882    
   3.80003881      0.978119612       3.80003881       3.80003881    
   3.81003881      0.978332579       3.81003881       3.81003881    
   3.82003880      0.978543460       3.82003880       3.82003880    
   3.83003879      0.978752553       3.83003879       3.83003879    
   3.84003878      0.978959501       3.84003878       3.84003878    
   3.85003877      0.979164481       3.85003877       3.85003877    
   3.86003876      0.979367554       3.86003876       3.86003876    
   3.87003875      0.979568601       3.87003875       3.87003875    
   3.88003874      0.979767740       3.88003874       3.88003874    
   3.89003873      0.979965091       3.89003873       3.89003873    
   3.90003872      0.980160415       3.90003872       3.90003872    
   3.91003871      0.980354011       3.91003871       3.91003871    
   3.92003870      0.980545640       3.92003870       3.92003870    
   3.93003869      0.980735481       3.93003869       3.93003869    
   3.94003868      0.980923533       3.94003868       3.94003868    
   3.95003867      0.981109738       3.95003867       3.95003867    
   3.96003866      0.981294155       3.96003866       3.96003866    
   3.97003865      0.981476843       3.97003865       3.97003865    
   3.98003864      0.981657863       3.98003864       3.98003864    
   3.99003863      0.981836975       3.99003863       3.99003863    
   4.00003862      0.982014418       4.00003862       4.00003862    
   4.01003885      0.982190251       4.01003885       4.01003885    
   4.02003908      0.982364416       4.02003908       4.02003908    
   4.03003931      0.982536733       4.03003931       4.03003931    
   4.04003954      0.982707560       4.04003954       4.04003954    
   4.05003977      0.982876599       4.05003977       4.05003977    
   4.06004000      0.983044207       4.06004000       4.06004000    
   4.07004023      0.983209968       4.07004023       4.07004023    
   4.08004045      0.983374357       4.08004045       4.08004045    
   4.09004068      0.983537018       4.09004068       4.09004068    
   4.10004091      0.983698130       4.10004091       4.10004091    
   4.11004114      0.983857691       4.11004114       4.11004114    
   4.12004137      0.984015822       4.12004137       4.12004137    
   4.13004160      0.984172404       4.13004160       4.13004160    
   4.14004183      0.984327376       4.14004183       4.14004183    
   4.15004206      0.984480858       4.15004206       4.15004206    
   4.16004229      0.984632969       4.16004229       4.16004229    
   4.17004251      0.984783590       4.17004251       4.17004251    
   4.18004274      0.984932601       4.18004274       4.18004274    
   4.19004297      0.985080302       4.19004297       4.19004297    
   4.20004320      0.985226572       4.20004320       4.20004320    
   4.21004343      0.985371470       4.21004343       4.21004343    
   4.22004366      0.985514879       4.22004366       4.22004366    
   4.23004389      0.985656977       4.23004389       4.23004389    
   4.24004412      0.985797703       4.24004412       4.24004412    
   4.25004435      0.985936940       4.25004435       4.25004435    
   4.26004457      0.986074984       4.26004457       4.26004457    
   4.27004480      0.986211658       4.27004480       4.27004480    
   4.28004503      0.986347020       4.28004503       4.28004503    
   4.29004526      0.986480951       4.29004526       4.29004526    
   4.30004549      0.986613691       4.30004549       4.30004549    
   4.31004572      0.986745059       4.31004572       4.31004572    
   4.32004595      0.986875296       4.32004595       4.32004595    
   4.33004618      0.987004220       4.33004618       4.33004618    
   4.34004641      0.987131834       4.34004641       4.34004641    
   4.35004663      0.987258255       4.35004663       4.35004663    
   4.36004686      0.987383425       4.36004686       4.36004686    
   4.37004709      0.987507403       4.37004709       4.37004709    
   4.38004732      0.987630188       4.38004732       4.38004732    
   4.39004755      0.987751722       4.39004755       4.39004755    
   4.40004778      0.987872124       4.40004778       4.40004778    
   4.41004801      0.987991393       4.41004801       4.41004801    
   4.42004824      0.988109410       4.42004824       4.42004824    
   4.43004847      0.988226354       4.43004847       4.43004847    
   4.44004869      0.988342106       4.44004869       4.44004869    
   4.45004892      0.988456845       4.45004892       4.45004892    
   4.46004915      0.988570392       4.46004915       4.46004915    
   4.47004938      0.988682806       4.47004938       4.47004938    
   4.48004961      0.988794148       4.48004961       4.48004961    
   4.49004984      0.988904417       4.49004984       4.49004984    
   4.50005007      0.989013672       4.50005007       4.50005007    
   4.51005030      0.989121735       4.51005030       4.51005030    
   4.52005053      0.989228845       4.52005053       4.52005053    
   4.53005075      0.989334881       4.53005075       4.53005075    
   4.54005098      0.989439905       4.54005098       4.54005098    
   4.55005121      0.989543796       4.55005121       4.55005121    
   4.56005144      0.989646733       4.56005144       4.56005144    
   4.57005167      0.989748776       4.57005167       4.57005167    
   4.58005190      0.989849687       4.58005190       4.58005190    
   4.59005213      0.989949703       4.59005213       4.59005213    
   4.60005236      0.990048766       4.60005236       4.60005236    
   4.61005259      0.990146697       4.61005259       4.61005259    
   4.62005281      0.990243852       4.62005281       4.62005281    
   4.63005304      0.990339935       4.63005304       4.63005304    
   4.64005327      0.990435243       4.64005327       4.64005327    
   4.65005350      0.990529478       4.65005350       4.65005350    
   4.66005373      0.990622818       4.66005373       4.66005373    
   4.67005396      0.990715265       4.67005396       4.67005396    
   4.68005419      0.990806758       4.68005419       4.68005419    
   4.69005442      0.990897477       4.69005442       4.69005442    
   4.70005465      0.990987122       4.70005465       4.70005465    
   4.71005487      0.991076112       4.71005487       4.71005487    
   4.72005510      0.991164088       4.72005510       4.72005510    
   4.73005533      0.991251171       4.73005533       4.73005533    
   4.74005556      0.991337538       4.74005556       4.74005556    
   4.75005579      0.991422951       4.75005579       4.75005579    
   4.76005602      0.991507530       4.76005602       4.76005602    
   4.77005625      0.991591334       4.77005625       4.77005625    
   4.78005648      0.991674364       4.78005648       4.78005648    
   4.79005671      0.991756558       4.79005671       4.79005671    
   4.80005693      0.991837919       4.80005693       4.80005693    
   4.81005716      0.991918504       4.81005716       4.81005716    
   4.82005739      0.991998255       4.82005739       4.82005739    
   4.83005762      0.992077231       4.83005762       4.83005762    
   4.84005785      0.992155492       4.84005785       4.84005785    
   4.85005808      0.992232919       4.85005808       4.85005808    
   4.86005831      0.992309570       4.86005831       4.86005831    
   4.87005854      0.992385507       4.87005854       4.87005854    
   4.88005877      0.992460668       4.88005877       4.88005877    
   4.89005899      0.992535114       4.89005899       4.89005899    
   4.90005922      0.992608845       4.90005922       4.90005922    
   4.91005945      0.992681921       4.91005945       4.91005945    
   4.92005968      0.992754161       4.92005968       4.92005968    
   4.93005991      0.992825747       4.93005991       4.93005991    
   4.94006014      0.992896616       4.94006014       4.94006014    
   4.95006037      0.992966890       4.95006037       4.95006037    
   4.96006060      0.993036330       4.96006060       4.96006060    
   4.97006083      0.993105114       4.97006083       4.97006083    
   4.98006105      0.993173301       4.98006105       4.98006105    
   4.99006128      0.993240714       4.99006128       4.99006128    
   5.00006151      0.993307531       5.00006151       5.00006151    
   5.01006174      0.993373752       5.01006174       5.01006174    
   5.02006197      0.993439257       5.02006197       5.02006197    
   5.03006220      0.993504107       5.03006220       5.03006220    
   5.04006243      0.993568361       5.04006243       5.04006243    
   5.05006266      0.993631899       5.05006266       5.05006266    
   5.06006289      0.993694842       5.06006289       5.06006289    
   5.07006311      0.993757248       5.07006311       5.07006311    
   5.08006334      0.993818939       5.08006334       5.08006334    
   5.09006357      0.993880033       5.09006357       5.09006357    
   5.10006380      0.993940592       5.10006380       5.10006380    
   5.11006403      0.994000554       5.11006403       5.11006403    
   5.12006426      0.994059920       5.12006426       5.12006426    
   5.13006449      0.994118571       5.13006449       5.13006449    
   5.14006472      0.994176745       5.14006472       5.14006472    
   5.15006495      0.994234383       5.15006495       5.15006495    
   5.16006517      0.994291425       5.16006517       5.16006517    
   5.17006540      0.994347990       5.17006540       5.17006540    
   5.18006563      0.994403839       5.18006563       5.18006563    
   5.19006586      0.994459271       5.19006586       5.19006586    
   5.20006609      0.994514108       5.20006609       5.20006609    
   5.21006632      0.994568348       5.21006632       5.21006632    
   5.22006655      0.994622111       5.22006655       5.22006655    
   5.23006678      0.994675279       5.23006678       5.23006678    
   5.24006701      0.994728029       5.24006701       5.24006701    
   5.25006723      0.994780302       5.25006723       5.25006723    
   5.26006746      0.994831920       5.26006746       5.26006746    
   5.27006769      0.994883060       5.27006769       5.27006769    
   5.28006792      0.994933665       5.28006792       5.28006792    
   5.29006815      0.994983912       5.29006815       5.29006815    
   5.30006838      0.995033503       5.30006838       5.30006838    
   5.31006861      0.995082736       5.31006861       5.31006861    
   5.32006884      0.995131373       5.32006884       5.32006884    
   5.33006907      0.995179653       5.33006907       5.33006907    
   5.34006929      0.995227337       5.34006929       5.34006929    
   5.35006952      0.995274544       5.35006952       5.35006952    
   5.36006975      0.995321453       5.36006975       5.36006975    
   5.37006998      0.995367765       5.37006998       5.37006998    
   5.38007021      0.995413721       5.38007021       5.38007021    
   5.39007044      0.995459080       5.39007044       5.39007044    
   5.40007067      0.995504081       5.40007067       5.40007067    
   5.41007090      0.995548606       5.41007090       5.41007090    
   5.42007113      0.995592654       5.42007113       5.42007113    
   5.43007135      0.995636404       5.43007135       5.43007135    
   5.44007158      0.995679557       5.44007158       5.44007158    
   5.45007181      0.995722413       5.45007181       5.45007181    
   5.46007204      0.995764732       5.46007204       5.46007204    
   5.47007227      0.995806694       5.47007227       5.47007227    
   5.48007250      0.995848298       5.48007250       5.48007250    
   5.49007273      0.995889485       5.49007273       5.49007273    
   5.50007296      0.995930135       5.50007296       5.50007296    
   5.51007318      0.995970488       5.51007318       5.51007318    
   5.52007341      0.996010423       5.52007341       5.52007341    
   5.53007364      0.996049941       5.53007364       5.53007364    
   5.54007387      0.996089101       5.54007387       5.54007387    
   5.55007410      0.996127903       5.55007410       5.55007410    
   5.56007433      0.996166348       5.56007433       5.56007433    
   5.57007456      0.996204317       5.57007456       5.57007456    
   5.58007479      0.996241927       5.58007479       5.58007479    
   5.59007502      0.996279180       5.59007502       5.59007502    
   5.60007524      0.996316016       5.60007524       5.60007524    
   5.61007547      0.996352553       5.61007547       5.61007547    
   5.62007570      0.996388793       5.62007570       5.62007570    
   5.63007593      0.996424496       5.63007593       5.63007593    
   5.64007616      0.996460021       5.64007616       5.64007616    
   5.65007639      0.996495068       5.65007639       5.65007639    
   5.66007662      0.996529877       5.66007662       5.66007662    
   5.67007685      0.996564209       5.67007685       5.67007685    
   5.68007708      0.996598303       5.68007708       5.68007708    
   5.69007730      0.996632040       5.69007730       5.69007730    
   5.70007753      0.996665418       5.70007753       5.70007753    
   5.71007776      0.996698439       5.71007776       5.71007776    
   5.72007799      0.996731281       5.72007799       5.72007799    
   5.73007822      0.996763706       5.73007822       5.73007822    
   5.74007845      0.996795833       5.74007845       5.74007845    
   5.75007868      0.996827543       5.75007868       5.75007868    
   5.76007891      0.996859074       5.76007891       5.76007891    
   5.77007914      0.996890247       5.77007914       5.77007914    
   5.78007936      0.996921062       5.78007936       5.78007936    
   5.79007959      0.996951580       5.79007959       5.79007959    
   5.80007982      0.996981800       5.80007982       5.80007982    
   5.81008005      0.997011781       5.81008005       5.81008005    
   5.82008028      0.997041404       5.82008028       5.82008028    
   5.83008051      0.997070789       5.83008051       5.83008051    
   5.84008074      0.997099876       5.84008074       5.84008074    
   5.85008097      0.997128665       5.85008097       5.85008097    
   5.86008120      0.997157097       5.86008120       5.86008120    
   5.87008142      0.997185290       5.87008142       5.87008142    
   5.88008165      0.997213304       5.88008165       5.88008165    
   5.89008188      0.997240901       5.89008188       5.89008188    
   5.90008211      0.997268319       5.90008211       5.90008211    
   5.91008234      0.997295320       5.91008234       5.91008234    
   5.92008257      0.997322261       5.92008257       5.92008257    
   5.93008280      0.997348785       5.93008280       5.93008280    
   5.94008303      0.997375131       5.94008303       5.94008303    
   5.95008326      0.997401118       5.95008326       5.95008326    
   5.96008348      0.997426927       5.96008348       5.96008348    
   5.97008371      0.997452438       5.97008371       5.97008371    
   5.98008394      0.997477710       5.98008394       5.98008394    
   5.99008417      0.997502863       5.99008417       5.99008417    
   6.00008440      0.997527540       6.00008440       6.00008440    
