  -4.98999977       6.75966218E-03   0.00000000      -4.98999953E-02
  -4.97999954       6.82713510E-03   0.00000000      -4.97999936E-02
  -4.96999931       6.89527765E-03   0.00000000      -4.96999919E-02
  -4.95999908       6.96409587E-03   0.00000000      -4.95999902E-02
  -4.94999886       7.03359488E-03   0.00000000      -4.94999886E-02
  -4.93999863       7.10378401E-03   0.00000000      -4.93999869E-02
  -4.92999840       7.17466697E-03   0.00000000      -4.92999814E-02
  -4.91999817       7.24625262E-03   0.00000000      -4.91999798E-02
  -4.90999794       7.31854793E-03   0.00000000      -4.90999781E-02
  -4.89999771       7.39155803E-03   0.00000000      -4.89999764E-02
  -4.88999748       7.46529223E-03   0.00000000      -4.88999747E-02
  -4.87999725       7.53975566E-03   0.00000000      -4.87999730E-02
  -4.86999702       7.61495577E-03   0.00000000      -4.86999676E-02
  -4.85999680       7.69090047E-03   0.00000000      -4.85999659E-02
  -4.84999657       7.76759582E-03   0.00000000      -4.84999642E-02
  -4.83999634       7.84505159E-03   0.00000000      -4.83999625E-02
  -4.82999611       7.92327244E-03   0.00000000      -4.82999608E-02
  -4.81999588       8.00226815E-03   0.00000000      -4.81999591E-02
  -4.80999565       8.08204338E-03   0.00000000      -4.80999537E-02
  -4.79999542       8.16260837E-03   0.00000000      -4.79999520E-02
  -4.78999519       8.24396964E-03   0.00000000      -4.78999503E-02
  -4.77999496       8.32613464E-03   0.00000000      -4.77999486E-02
  -4.76999474       8.40911176E-03   0.00000000      -4.76999469E-02
  -4.75999451       8.49290937E-03   0.00000000      -4.75999452E-02
  -4.74999428       8.57753400E-03   0.00000000      -4.74999435E-02
  -4.73999405       8.66299495E-03   0.00000000      -4.73999381E-02
  -4.72999382       8.74929968E-03   0.00000000      -4.72999364E-02
  -4.71999359       8.83645657E-03   0.00000000      -4.71999347E-02
  -4.70999336       8.92447401E-03   0.00000000      -4.70999330E-02
  -4.69999313       9.01335943E-03   0.00000000      -4.69999313E-02
  -4.68999290       9.10312310E-03   0.00000000      -4.68999296E-02
  -4.67999268       9.19377245E-03   0.00000000      -4.67999242E-02
  -4.66999245       9.28531494E-03   0.00000000      -4.66999225E-02
  -4.65999222       9.37776081E-03   0.00000000      -4.65999208E-02
  -4.64999199       9.47111938E-03   0.00000000      -4.64999191E-02
  -4.63999176       9.56539623E-03   0.00000000      -4.63999175E-02
  -4.62999153       9.66060348E-03   0.00000000      -4.62999158E-02
  -4.61999130       9.75674950E-03   0.00000000      -4.61999103E-02
  -4.60999107       9.85384267E-03   0.00000000      -4.60999086E-02
  -4.59999084       9.95189231E-03   0.00000000      -4.59999070E-02
  -4.58999062       1.00509068E-02   0.00000000      -4.58999053E-02
  -4.57999039       1.01508973E-02   0.00000000      -4.57999036E-02
  -4.56999016       1.02518722E-02   0.00000000      -4.56999019E-02
  -4.55998993       1.03538409E-02   0.00000000      -4.55998965E-02
  -4.54998970       1.04568126E-02   0.00000000      -4.54998948E-02
  -4.53998947       1.05607985E-02   0.00000000      -4.53998931E-02
  -4.52998924       1.06658069E-02   0.00000000      -4.52998914E-02
  -4.51998901       1.07718473E-02   0.00000000      -4.51998897E-02
  -4.50998878       1.08789308E-02   0.00000000      -4.50998880E-02
  -4.49998856       1.09870676E-02   0.00000000      -4.49998863E-02
  -4.48998833       1.10962661E-02   0.00000000      -4.48998809E-02
  -4.47998810       1.12065384E-02   0.00000000      -4.47998792E-02
  -4.46998787       1.13178929E-02   0.00000000      -4.46998775E-02
  -4.45998764       1.14303427E-02   0.00000000      -4.45998758E-02
  -4.44998741       1.15438960E-02   0.00000000      -4.44998741E-02
  -4.43998718       1.16585642E-02   0.00000000      -4.43998724E-02
  -4.42998695       1.17743583E-02   0.00000000      -4.42998670E-02
  -4.41998672       1.18912878E-02   0.00000000      -4.41998653E-02
  -4.40998650       1.20093636E-02   0.00000000      -4.40998636E-02
  -4.39998627       1.21285990E-02   0.00000000      -4.39998619E-02
  -4.38998604       1.22490041E-02   0.00000000      -4.38998602E-02
  -4.37998581       1.23705883E-02   0.00000000      -4.37998585E-02
  -4.36998558       1.24933636E-02   0.00000000      -4.36998531E-02
  -4.35998535       1.26173431E-02   0.00000000      -4.35998514E-02
  -4.34998512       1.27425371E-02   0.00000000      -4.34998497E-02
  -4.33998489       1.28689557E-02   0.00000000      -4.33998480E-02
  -4.32998466       1.29966130E-02   0.00000000      -4.32998464E-02
  -4.31998444       1.31255193E-02   0.00000000      -4.31998447E-02
  -4.30998421       1.32556874E-02   0.00000000      -4.30998430E-02
  -4.29998398       1.33871287E-02   0.00000000      -4.29998375E-02
  -4.28998375       1.35198561E-02   0.00000000      -4.28998359E-02
  -4.27998352       1.36538809E-02   0.00000000      -4.27998342E-02
  -4.26998329       1.37892161E-02   0.00000000      -4.26998325E-02
  -4.25998306       1.39258727E-02   0.00000000      -4.25998308E-02
  -4.24998283       1.40638649E-02   0.00000000      -4.24998291E-02
  -4.23998260       1.42032048E-02   0.00000000      -4.23998237E-02
  -4.22998238       1.43439062E-02   0.00000000      -4.22998220E-02
  -4.21998215       1.44859785E-02   0.00000000      -4.21998203E-02
  -4.20998192       1.46294385E-02   0.00000000      -4.20998186E-02
  -4.19998169       1.47742974E-02   0.00000000      -4.19998169E-02
  -4.18998146       1.49205700E-02   0.00000000      -4.18998152E-02
  -4.17998123       1.50682693E-02   0.00000000      -4.17998098E-02
  -4.16998100       1.52174048E-02   0.00000000      -4.16998081E-02
  -4.15998077       1.53679969E-02   0.00000000      -4.15998064E-02
  -4.14998055       1.55200530E-02   0.00000000      -4.14998047E-02
  -4.13998032       1.56735908E-02   0.00000000      -4.13998030E-02
  -4.12998009       1.58286244E-02   0.00000000      -4.12998013E-02
  -4.11997986       1.59851648E-02   0.00000000      -4.11997959E-02
  -4.10997963       1.61432289E-02   0.00000000      -4.10997942E-02
  -4.09997940       1.63028296E-02   0.00000000      -4.09997925E-02
  -4.08997917       1.64639819E-02   0.00000000      -4.08997908E-02
  -4.07997894       1.66267008E-02   0.00000000      -4.07997891E-02
  -4.06997871       1.67909991E-02   0.00000000      -4.06997874E-02
  -4.05997849       1.69568937E-02   0.00000000      -4.05997857E-02
  -4.04997826       1.71243995E-02   0.00000000      -4.04997803E-02
  -4.03997803       1.72935314E-02   0.00000000      -4.03997786E-02
  -4.02997780       1.74643006E-02   0.00000000      -4.02997769E-02
  -4.01997757       1.76367294E-02   0.00000000      -4.01997752E-02
  -4.00997734       1.78108271E-02   0.00000000      -4.00997736E-02
  -3.99997735       1.79866105E-02   0.00000000      -3.99997719E-02
  -3.98997736       1.81640945E-02   0.00000000      -3.98997739E-02
  -3.97997737       1.83432978E-02   0.00000000      -3.97997722E-02
  -3.96997738       1.85242351E-02   0.00000000      -3.96997742E-02
  -3.95997739       1.87069252E-02   0.00000000      -3.95997725E-02
  -3.94997740       1.88913811E-02   0.00000000      -3.94997746E-02
  -3.93997741       1.90776214E-02   0.00000000      -3.93997729E-02
  -3.92997742       1.92656592E-02   0.00000000      -3.92997749E-02
  -3.91997743       1.94555148E-02   0.00000000      -3.91997732E-02
  -3.90997744       1.96472034E-02   0.00000000      -3.90997753E-02
  -3.89997745       1.98407434E-02   0.00000000      -3.89997736E-02
  -3.88997746       2.00361516E-02   0.00000000      -3.88997719E-02
  -3.87997746       2.02334449E-02   0.00000000      -3.87997739E-02
  -3.86997747       2.04326380E-02   0.00000000      -3.86997722E-02
  -3.85997748       2.06337515E-02   0.00000000      -3.85997742E-02
  -3.84997749       2.08368041E-02   0.00000000      -3.84997725E-02
  -3.83997750       2.10418105E-02   0.00000000      -3.83997746E-02
  -3.82997751       2.12487914E-02   0.00000000      -3.82997729E-02
  -3.81997752       2.14577615E-02   0.00000000      -3.81997749E-02
  -3.80997753       2.16687415E-02   0.00000000      -3.80997732E-02
  -3.79997754       2.18817517E-02   0.00000000      -3.79997753E-02
  -3.78997755       2.20968071E-02   0.00000000      -3.78997736E-02
  -3.77997756       2.23139282E-02   0.00000000      -3.77997756E-02
  -3.76997757       2.25331336E-02   0.00000000      -3.76997739E-02
  -3.75997758       2.27544419E-02   0.00000000      -3.75997759E-02
  -3.74997759       2.29778718E-02   0.00000000      -3.74997742E-02
  -3.73997760       2.32034456E-02   0.00000000      -3.73997763E-02
  -3.72997761       2.34311819E-02   0.00000000      -3.72997746E-02
  -3.71997762       2.36610956E-02   0.00000000      -3.71997766E-02
  -3.70997763       2.38932110E-02   0.00000000      -3.70997749E-02
  -3.69997764       2.41275486E-02   0.00000000      -3.69997770E-02
  -3.68997765       2.43641250E-02   0.00000000      -3.68997753E-02
  -3.67997766       2.46029645E-02   0.00000000      -3.67997773E-02
  -3.66997766       2.48440839E-02   0.00000000      -3.66997756E-02
  -3.65997767       2.50875093E-02   0.00000000      -3.65997776E-02
  -3.64997768       2.53332537E-02   0.00000000      -3.64997759E-02
  -3.63997769       2.55813431E-02   0.00000000      -3.63997780E-02
  -3.62997770       2.58318000E-02   0.00000000      -3.62997763E-02
  -3.61997771       2.60846429E-02   0.00000000      -3.61997746E-02
  -3.60997772       2.63398904E-02   0.00000000      -3.60997766E-02
  -3.59997773       2.65975706E-02   0.00000000      -3.59997749E-02
  -3.58997774       2.68577002E-02   0.00000000      -3.58997770E-02
  -3.57997775       2.71203052E-02   0.00000000      -3.57997753E-02
  -3.56997776       2.73854025E-02   0.00000000      -3.56997773E-02
  -3.55997777       2.76530199E-02   0.00000000      -3.55997756E-02
  -3.54997778       2.79231761E-02   0.00000000      -3.54997776E-02
  -3.53997779       2.81958971E-02   0.00000000      -3.53997760E-02
  -3.52997780       2.84712017E-02   0.00000000      -3.52997780E-02
  -3.51997781       2.87491139E-02   0.00000000      -3.51997763E-02
  -3.50997782       2.90296618E-02   0.00000000      -3.50997783E-02
  -3.49997783       2.93128602E-02   0.00000000      -3.49997766E-02
  -3.48997784       2.95987409E-02   0.00000000      -3.48997787E-02
  -3.47997785       2.98873223E-02   0.00000000      -3.47997770E-02
  -3.46997786       3.01786289E-02   0.00000000      -3.46997790E-02
  -3.45997787       3.04726865E-02   0.00000000      -3.45997773E-02
  -3.44997787       3.07695195E-02   0.00000000      -3.44997793E-02
  -3.43997788       3.10691502E-02   0.00000000      -3.43997777E-02
  -3.42997789       3.13716047E-02   0.00000000      -3.42997797E-02
  -3.41997790       3.16769071E-02   0.00000000      -3.41997780E-02
  -3.40997791       3.19850817E-02   0.00000000      -3.40997800E-02
  -3.39997792       3.22961546E-02   0.00000000      -3.39997783E-02
  -3.38997793       3.26101519E-02   0.00000000      -3.38997804E-02
  -3.37997794       3.29270959E-02   0.00000000      -3.37997787E-02
  -3.36997795       3.32470164E-02   0.00000000      -3.36997770E-02
  -3.35997796       3.35699357E-02   0.00000000      -3.35997790E-02
  -3.34997797       3.38958874E-02   0.00000000      -3.34997773E-02
  -3.33997798       3.42248864E-02   0.00000000      -3.33997793E-02
  -3.32997799       3.45569625E-02   0.00000000      -3.32997777E-02
  -3.31997800       3.48921493E-02   0.00000000      -3.31997797E-02
  -3.30997801       3.52304652E-02   0.00000000      -3.30997780E-02
  -3.29997802       3.55719440E-02   0.00000000      -3.29997800E-02
  -3.28997803       3.59166078E-02   0.00000000      -3.28997783E-02
  -3.27997804       3.62644829E-02   0.00000000      -3.27997804E-02
  -3.26997805       3.66156027E-02   0.00000000      -3.26997787E-02
  -3.25997806       3.69699895E-02   0.00000000      -3.25997807E-02
  -3.24997807       3.73276770E-02   0.00000000      -3.24997790E-02
  -3.23997808       3.76886874E-02   0.00000000      -3.23997810E-02
  -3.22997808       3.80530506E-02   0.00000000      -3.22997794E-02
  -3.21997809       3.84207927E-02   0.00000000      -3.21997814E-02
  -3.20997810       3.87919508E-02   0.00000000      -3.20997797E-02
  -3.19997811       3.91665474E-02   0.00000000      -3.19997817E-02
  -3.18997812       3.95446122E-02   0.00000000      -3.18997800E-02
  -3.17997813       3.99261713E-02   0.00000000      -3.17997821E-02
  -3.16997814       4.03112583E-02   0.00000000      -3.16997804E-02
  -3.15997815       4.06999066E-02   0.00000000      -3.15997824E-02
  -3.14997816       4.10921387E-02   0.00000000      -3.14997807E-02
  -3.13997817       4.14879881E-02   0.00000000      -3.13997827E-02
  -3.12997818       4.18874845E-02   0.00000000      -3.12997811E-02
  -3.11997819       4.22906540E-02   0.00000000      -3.11997812E-02
  -3.10997820       4.26975377E-02   0.00000000      -3.10997814E-02
  -3.09997821       4.31081541E-02   0.00000000      -3.09997816E-02
  -3.08997822       4.35225442E-02   0.00000000      -3.08997817E-02
  -3.07997823       4.39407304E-02   0.00000000      -3.07997819E-02
  -3.06997824       4.43627499E-02   0.00000000      -3.06997821E-02
  -3.05997825       4.47886325E-02   0.00000000      -3.05997822E-02
  -3.04997826       4.52184118E-02   0.00000000      -3.04997824E-02
  -3.03997827       4.56521176E-02   0.00000000      -3.03997826E-02
  -3.02997828       4.60897833E-02   0.00000000      -3.02997828E-02
  -3.01997828       4.65314388E-02   0.00000000      -3.01997829E-02
  -3.00997829       4.69771177E-02   0.00000000      -3.00997831E-02
  -2.99997830       4.74268496E-02   0.00000000      -2.99997833E-02
  -2.98997831       4.78806756E-02   0.00000000      -2.98997816E-02
  -2.97997832       4.83386256E-02   0.00000000      -2.97997817E-02
  -2.96997833       4.88007292E-02   0.00000000      -2.96997819E-02
  -2.95997834       4.92670201E-02   0.00000000      -2.95997821E-02
  -2.94997835       4.97375354E-02   0.00000000      -2.94997822E-02
  -2.93997836       5.02123050E-02   0.00000000      -2.93997824E-02
  -2.92997837       5.06913625E-02   0.00000000      -2.92997826E-02
  -2.91997838       5.11747524E-02   0.00000000      -2.91997828E-02
  -2.90997839       5.16624972E-02   0.00000000      -2.90997829E-02
  -2.89997840       5.21546267E-02   0.00000000      -2.89997831E-02
  -2.88997841       5.26511930E-02   0.00000000      -2.88997833E-02
  -2.87997842       5.31522222E-02   0.00000000      -2.87997834E-02
  -2.86997843       5.36577441E-02   0.00000000      -2.86997836E-02
  -2.85997844       5.41678034E-02   0.00000000      -2.85997838E-02
  -2.84997845       5.46824336E-02   0.00000000      -2.84997839E-02
  -2.83997846       5.52016608E-02   0.00000000      -2.83997841E-02
  -2.82997847       5.57255335E-02   0.00000000      -2.82997843E-02
  -2.81997848       5.62540777E-02   0.00000000      -2.81997845E-02
  -2.80997849       5.67873344E-02   0.00000000      -2.80997846E-02
  -2.79997849       5.73253371E-02   0.00000000      -2.79997848E-02
  -2.78997850       5.78681268E-02   0.00000000      -2.78997850E-02
  -2.77997851       5.84157370E-02   0.00000000      -2.77997851E-02
  -2.76997852       5.89682087E-02   0.00000000      -2.76997853E-02
  -2.75997853       5.95255680E-02   0.00000000      -2.75997855E-02
  -2.74997854       6.00878634E-02   0.00000000      -2.74997856E-02
  -2.73997855       6.06551282E-02   0.00000000      -2.73997858E-02
  -2.72997856       6.12273961E-02   0.00000000      -2.72997841E-02
  -2.71997857       6.18047118E-02   0.00000000      -2.71997843E-02
  -2.70997858       6.23871051E-02   0.00000000      -2.70997845E-02
  -2.69997859       6.29746169E-02   0.00000000      -2.69997846E-02
  -2.68997860       6.35672957E-02   0.00000000      -2.68997848E-02
  -2.67997861       6.41651601E-02   0.00000000      -2.67997850E-02
  -2.66997862       6.47682622E-02   0.00000000      -2.66997851E-02
  -2.65997863       6.53766394E-02   0.00000000      -2.65997853E-02
  -2.64997864       6.59903288E-02   0.00000000      -2.64997855E-02
  -2.63997865       6.66093677E-02   0.00000000      -2.63997857E-02
  -2.62997866       6.72337860E-02   0.00000000      -2.62997858E-02
  -2.61997867       6.78636432E-02   0.00000000      -2.61997860E-02
  -2.60997868       6.84989691E-02   0.00000000      -2.60997862E-02
  -2.59997869       6.91397935E-02   0.00000000      -2.59997863E-02
  -2.58997869       6.97861686E-02   0.00000000      -2.58997865E-02
  -2.57997870       7.04381242E-02   0.00000000      -2.57997867E-02
  -2.56997871       7.10957125E-02   0.00000000      -2.56997868E-02
  -2.55997872       7.17589557E-02   0.00000000      -2.55997870E-02
  -2.54997873       7.24279135E-02   0.00000000      -2.54997872E-02
  -2.53997874       7.31026158E-02   0.00000000      -2.53997874E-02
  -2.52997875       7.37830997E-02   0.00000000      -2.52997875E-02
  -2.51997876       7.44694099E-02   0.00000000      -2.51997877E-02
  -2.50997877       7.51615912E-02   0.00000000      -2.50997879E-02
  -2.49997878       7.58596659E-02   0.00000000      -2.49997880E-02
  -2.48997879       7.65637010E-02   0.00000000      -2.48997882E-02
  -2.47997880       7.72737116E-02   0.00000000      -2.47997884E-02
  -2.46997881       7.79897645E-02   0.00000000      -2.46997867E-02
  -2.45997882       7.87118673E-02   0.00000000      -2.45997868E-02
  -2.44997883       7.94400945E-02   0.00000000      -2.44997870E-02
  -2.43997884       8.01744685E-02   0.00000000      -2.43997872E-02
  -2.42997885       8.09150413E-02   0.00000000      -2.42997874E-02
  -2.41997886       8.16618428E-02   0.00000000      -2.41997875E-02
  -2.40997887       8.24149176E-02   0.00000000      -2.40997877E-02
  -2.39997888       8.31743106E-02   0.00000000      -2.39997879E-02
  -2.38997889       8.39400589E-02   0.00000000      -2.38997880E-02
  -2.37997890       8.47121999E-02   0.00000000      -2.37997882E-02
  -2.36997890       8.54907930E-02   0.00000000      -2.36997884E-02
  -2.35997891       8.62758607E-02   0.00000000      -2.35997885E-02
  -2.34997892       8.70674476E-02   0.00000000      -2.34997887E-02
  -2.33997893       8.78656060E-02   0.00000000      -2.33997889E-02
  -2.32997894       8.86703655E-02   0.00000000      -2.32997891E-02
  -2.31997895       8.94817784E-02   0.00000000      -2.31997892E-02
  -2.30997896       9.02998671E-02   0.00000000      -2.30997894E-02
  -2.29997897       9.11247060E-02   0.00000000      -2.29997896E-02
  -2.28997898       9.19563025E-02   0.00000000      -2.28997897E-02
  -2.27997899       9.27947238E-02   0.00000000      -2.27997899E-02
  -2.26997900       9.36399996E-02   0.00000000      -2.26997901E-02
  -2.25997901       9.44921672E-02   0.00000000      -2.25997902E-02
  -2.24997902       9.53512788E-02   0.00000000      -2.24997904E-02
  -2.23997903       9.62173641E-02   0.00000000      -2.23997906E-02
  -2.22997904       9.70904753E-02   0.00000000      -2.22997908E-02
  -2.21997905       9.79706571E-02   0.00000000      -2.21997891E-02
  -2.20997906       9.88579392E-02   0.00000000      -2.20997892E-02
  -2.19997907       9.97523740E-02   0.00000000      -2.19997894E-02
  -2.18997908      0.100653991       0.00000000      -2.18997896E-02
  -2.17997909      0.101562843       0.00000000      -2.17997897E-02
  -2.16997910      0.102478959       0.00000000      -2.16997899E-02
  -2.15997910      0.103402384       0.00000000      -2.15997901E-02
  -2.14997911      0.104333177       0.00000000      -2.14997903E-02
  -2.13997912      0.105271362       0.00000000      -2.13997904E-02
  -2.12997913      0.106216975       0.00000000      -2.12997906E-02
  -2.11997914      0.107170060       0.00000000      -2.11997908E-02
  -2.10997915      0.108130671       0.00000000      -2.10997909E-02
  -2.09997916      0.109098852       0.00000000      -2.09997911E-02
  -2.08997917      0.110074617       0.00000000      -2.08997913E-02
  -2.07997918      0.111058027       0.00000000      -2.07997914E-02
  -2.06997919      0.112049110       0.00000000      -2.06997916E-02
  -2.05997920      0.113047920       0.00000000      -2.05997918E-02
  -2.04997921      0.114054471       0.00000000      -2.04997919E-02
  -2.03997922      0.115068853       0.00000000      -2.03997921E-02
  -2.02997923      0.116091058       0.00000000      -2.02997923E-02
  -2.01997924      0.117121145       0.00000000      -2.01997925E-02
  -2.00997925      0.118159138       0.00000000      -2.00997926E-02
  -1.99997926      0.119205102       0.00000000      -1.99997928E-02
  -1.98997927      0.120259054       0.00000000      -1.98997930E-02
  -1.97997928      0.121321045       0.00000000      -1.97997931E-02
  -1.96997929      0.122391105       0.00000000      -1.96997933E-02
  -1.95997930      0.123469286       0.00000000      -1.95997916E-02
  -1.94997931      0.124555625       0.00000000      -1.94997918E-02
  -1.93997931      0.125650123       0.00000000      -1.93997920E-02
  -1.92997932      0.126752868       0.00000000      -1.92997921E-02
  -1.91997933      0.127863869       0.00000000      -1.91997923E-02
  -1.90997934      0.128983170       0.00000000      -1.90997925E-02
  -1.89997935      0.130110815       0.00000000      -1.89997926E-02
  -1.88997936      0.131246820       0.00000000      -1.88997928E-02
  -1.87997937      0.132391244       0.00000000      -1.87997930E-02
  -1.86997938      0.133544117       0.00000000      -1.86997931E-02
  -1.85997939      0.134705454       0.00000000      -1.85997933E-02
  -1.84997940      0.135875314       0.00000000      -1.84997935E-02
  -1.83997941      0.137053728       0.00000000      -1.83997937E-02
  -1.82997942      0.138240725       0.00000000      -1.82997938E-02
  -1.81997943      0.139436334       0.00000000      -1.81997940E-02
  -1.80997944      0.140640602       0.00000000      -1.80997942E-02
  -1.79997945      0.141853556       0.00000000      -1.79997943E-02
  -1.78997946      0.143075243       0.00000000      -1.78997945E-02
  -1.77997947      0.144305661       0.00000000      -1.77997947E-02
  -1.76997948      0.145544887       0.00000000      -1.76997948E-02
  -1.75997949      0.146792904       0.00000000      -1.75997950E-02
  -1.74997950      0.148049787       0.00000000      -1.74997952E-02
  -1.73997951      0.149315536       0.00000000      -1.73997954E-02
  -1.72997952      0.150590196       0.00000000      -1.72997955E-02
  -1.71997952      0.151873797       0.00000000      -1.71997957E-02
  -1.70997953      0.153166369       0.00000000      -1.70997959E-02
  -1.69997954      0.154467940       0.00000000      -1.69997942E-02
  -1.68997955      0.155778527       0.00000000      -1.68997943E-02
  -1.67997956      0.157098174       0.00000000      -1.67997945E-02
  -1.66997957      0.158426896       0.00000000      -1.66997947E-02
  -1.65997958      0.159764737       0.00000000      -1.65997948E-02
  -1.64997959      0.161111712       0.00000000      -1.64997950E-02
  -1.63997960      0.162467837       0.00000000      -1.63997952E-02
  -1.62997961      0.163833156       0.00000000      -1.62997954E-02
  -1.61997962      0.165207684       0.00000000      -1.61997955E-02
  -1.60997963      0.166591436       0.00000000      -1.60997957E-02
  -1.59997964      0.167984471       0.00000000      -1.59997959E-02
  -1.58997965      0.169386759       0.00000000      -1.58997960E-02
  -1.57997966      0.170798361       0.00000000      -1.57997962E-02
  -1.56997967      0.172219291       0.00000000      -1.56997964E-02
  -1.55997968      0.173649564       0.00000000      -1.55997965E-02
  -1.54997969      0.175089210       0.00000000      -1.54997967E-02
  -1.53997970      0.176538229       0.00000000      -1.53997969E-02
  -1.52997971      0.177996665       0.00000000      -1.52997971E-02
  -1.51997972      0.179464504       0.00000000      -1.51997972E-02
  -1.50997972      0.180941805       0.00000000      -1.50997965E-02
  -1.49997973      0.182428539       0.00000000      -1.49997966E-02
  -1.48997974      0.183924779       0.00000000      -1.48997968E-02
  -1.47997975      0.185430482       0.00000000      -1.47997970E-02
  -1.46997976      0.186945677       0.00000000      -1.46997971E-02
  -1.45997977      0.188470423       0.00000000      -1.45997973E-02
  -1.44997978      0.190004691       0.00000000      -1.44997975E-02
  -1.43997979      0.191548482       0.00000000      -1.43997977E-02
  -1.42997980      0.193101838       0.00000000      -1.42997978E-02
  -1.41997981      0.194664747       0.00000000      -1.41997980E-02
  -1.40997982      0.196237236       0.00000000      -1.40997982E-02
  -1.39997983      0.197819322       0.00000000      -1.39997983E-02
  -1.38997984      0.199410975       0.00000000      -1.38997985E-02
  -1.37997985      0.201012239       0.00000000      -1.37997977E-02
  -1.36997986      0.202623114       0.00000000      -1.36997979E-02
  -1.35997987      0.204243571       0.00000000      -1.35997981E-02
  -1.34997988      0.205873653       0.00000000      -1.34997983E-02
  -1.33997989      0.207513362       0.00000000      -1.33997984E-02
  -1.32997990      0.209162682       0.00000000      -1.32997986E-02
  -1.31997991      0.210821629       0.00000000      -1.31997988E-02
  -1.30997992      0.212490201       0.00000000      -1.30997989E-02
  -1.29997993      0.214168400       0.00000000      -1.29997991E-02
  -1.28997993      0.215856224       0.00000000      -1.28997993E-02
  -1.27997994      0.217553630       0.00000000      -1.27997994E-02
  -1.26997995      0.219260663       0.00000000      -1.26997996E-02
  -1.25997996      0.220977351       0.00000000      -1.25997998E-02
  -1.24997997      0.222703606       0.00000000      -1.24997990E-02
  -1.23997998      0.224439457       0.00000000      -1.23997992E-02
  -1.22997999      0.226184919       0.00000000      -1.22997994E-02
  -1.21998000      0.227939963       0.00000000      -1.21997995E-02
  -1.20998001      0.229704604       0.00000000      -1.20997997E-02
  -1.19998002      0.231478795       0.00000000      -1.19997999E-02
  -1.18998003      0.233262494       0.00000000      -1.18998000E-02
  -1.17998004      0.235055789       0.00000000      -1.17998002E-02
  -1.16998005      0.236858577       0.00000000      -1.16998004E-02
  -1.15998006      0.238670900       0.00000000      -1.15998005E-02
  -1.14998007      0.240492746       0.00000000      -1.14998007E-02
  -1.13998008      0.242324010       0.00000000      -1.13998009E-02
  -1.12998009      0.244164780       0.00000000      -1.12998011E-02
  -1.11998010      0.246014982       0.00000000      -1.11998003E-02
  -1.10998011      0.247874603       0.00000000      -1.10998005E-02
  -1.09998012      0.249743611       0.00000000      -1.09998006E-02
  -1.08998013      0.251622021       0.00000000      -1.08998008E-02
  -1.07998013      0.253509760       0.00000000      -1.07998010E-02
  -1.06998014      0.255406857       0.00000000      -1.06998011E-02
  -1.05998015      0.257313251       0.00000000      -1.05998013E-02
  -1.04998016      0.259228915       0.00000000      -1.04998015E-02
  -1.03998017      0.261153817       0.00000000      -1.03998017E-02
  -1.02998018      0.263087928       0.00000000      -1.02998018E-02
  -1.01998019      0.265031278       0.00000000      -1.01998020E-02
  -1.00998020      0.266983718       0.00000000      -1.00998022E-02
 -0.999980211      0.268945307       0.00000000      -9.99980234E-03
 -0.989980221      0.270915985       0.00000000      -9.89980157E-03
 -0.979980230      0.272895694       0.00000000      -9.79980174E-03
 -0.969980240      0.274884433       0.00000000      -9.69980191E-03
 -0.959980249      0.276882142       0.00000000      -9.59980208E-03
 -0.949980259      0.278888792       0.00000000      -9.49980225E-03
 -0.939980268      0.280904323       0.00000000      -9.39980242E-03
 -0.929980278      0.282928735       0.00000000      -9.29980259E-03
 -0.919980288      0.284961909       0.00000000      -9.19980276E-03
 -0.909980297      0.287003875       0.00000000      -9.09980293E-03
 -0.899980307      0.289054543       0.00000000      -8.99980310E-03
 -0.889980316      0.291113883       0.00000000      -8.89980327E-03
 -0.879980326      0.293181866       0.00000000      -8.79980344E-03
 -0.869980335      0.295258403       0.00000000      -8.69980361E-03
 -0.859980345      0.297343433       0.00000000      -8.59980285E-03
 -0.849980354      0.299436986       0.00000000      -8.49980302E-03
 -0.839980364      0.301538914       0.00000000      -8.39980319E-03
 -0.829980373      0.303649217       0.00000000      -8.29980336E-03
 -0.819980383      0.305767804       0.00000000      -8.19980353E-03
 -0.809980392      0.307894677       0.00000000      -8.09980370E-03
 -0.799980402      0.310029715       0.00000000      -7.99980387E-03
 -0.789980412      0.312172890       0.00000000      -7.89980404E-03
 -0.779980421      0.314324111       0.00000000      -7.79980421E-03
 -0.769980431      0.316483349       0.00000000      -7.69980391E-03
 -0.759980440      0.318650514       0.00000000      -7.59980408E-03
 -0.749980450      0.320825547       0.00000000      -7.49980425E-03
 -0.739980459      0.323008418       0.00000000      -7.39980442E-03
 -0.729980469      0.325199008       0.00000000      -7.29980459E-03
 -0.719980478      0.327397287       0.00000000      -7.19980476E-03
 -0.709980488      0.329603165       0.00000000      -7.09980493E-03
 -0.699980497      0.331816554       0.00000000      -6.99980464E-03
 -0.689980507      0.334037423       0.00000000      -6.89980481E-03
 -0.679980516      0.336265653       0.00000000      -6.79980498E-03
 -0.669980526      0.338501185       0.00000000      -6.69980515E-03
 -0.659980536      0.340743959       0.00000000      -6.59980532E-03
 -0.649980545      0.342993915       0.00000000      -6.49980549E-03
 -0.639980555      0.345250964       0.00000000      -6.39980519E-03
 -0.629980564      0.347514957       0.00000000      -6.29980536E-03
 -0.619980574      0.349785864       0.00000000      -6.19980553E-03
 -0.609980583      0.352063626       0.00000000      -6.09980570E-03
 -0.599980593      0.354348123       0.00000000      -5.99980587E-03
 -0.589980602      0.356639296       0.00000000      -5.89980604E-03
 -0.579980612      0.358937055       0.00000000      -5.79980621E-03
 -0.569980621      0.361241281       0.00000000      -5.69980592E-03
 -0.559980631      0.363551944       0.00000000      -5.59980609E-03
 -0.549980640      0.365868866       0.00000000      -5.49980626E-03
 -0.539980650      0.368192077       0.00000000      -5.39980642E-03
 -0.529980659      0.370521396       0.00000000      -5.29980659E-03
 -0.519980669      0.372856766       0.00000000      -5.19980676E-03
 -0.509980679      0.375198066       0.00000000      -5.09980647E-03
 -0.499980688      0.377545238       0.00000000      -4.99980664E-03
 -0.489980698      0.379898131       0.00000000      -4.89980681E-03
 -0.479980707      0.382256687       0.00000000      -4.79980698E-03
 -0.469980717      0.384620816       0.00000000      -4.69980715E-03
 -0.459980726      0.386990398       0.00000000      -4.59980732E-03
 -0.449980736      0.389365315       0.00000000      -4.49980749E-03
 -0.439980745      0.391745597       0.00000000      -4.39980719E-03
 -0.429980755      0.394130915       0.00000000      -4.29980736E-03
 -0.419980764      0.396521389       0.00000000      -4.19980753E-03
 -0.409980774      0.398916751       0.00000000      -4.09980770E-03
 -0.399980783      0.401316971       0.00000000      -3.99980787E-03
 -0.389980793      0.403721899       0.00000000      -3.89980781E-03
 -0.379980803      0.406131536       0.00000000      -3.79980798E-03
 -0.369980812      0.408545673       0.00000000      -3.69980815E-03
 -0.359980822      0.410964221       0.00000000      -3.59980809E-03
 -0.349980831      0.413387090       0.00000000      -3.49980826E-03
 -0.339980841      0.415814161       0.00000000      -3.39980843E-03
 -0.329980850      0.418245256       0.00000000      -3.29980836E-03
 -0.319980860      0.420680404       0.00000000      -3.19980853E-03
 -0.309980869      0.423119396       0.00000000      -3.09980870E-03
 -0.299980879      0.425562143       0.00000000      -2.99980864E-03
 -0.289980888      0.428008556       0.00000000      -2.89980881E-03
 -0.279980898      0.430458486       0.00000000      -2.79980898E-03
 -0.269980907      0.432911783       0.00000000      -2.69980892E-03
 -0.259980917      0.435368419       0.00000000      -2.59980909E-03
 -0.249980912      0.437828213       0.00000000      -2.49980902E-03
 -0.239980906      0.440291047       0.00000000      -2.39980896E-03
 -0.229980901      0.442756861       0.00000000      -2.29980890E-03
 -0.219980896      0.445225477       0.00000000      -2.19980883E-03
 -0.209980890      0.447696805       0.00000000      -2.09980877E-03
 -0.199980885      0.450170755       0.00000000      -1.99980871E-03
 -0.189980879      0.452647090       0.00000000      -1.89980876E-03
 -0.179980874      0.455125839       0.00000000      -1.79980870E-03
 -0.169980869      0.457606792       0.00000000      -1.69980864E-03
 -0.159980863      0.460089862       0.00000000      -1.59980857E-03
 -0.149980858      0.462574959       0.00000000      -1.49980851E-03
 -0.139980853      0.465061784       0.00000000      -1.39980845E-03
 -0.129980847      0.467550457       0.00000000      -1.29980850E-03
 -0.119980849      0.470040709       0.00000000      -1.19980844E-03
 -0.109980851      0.472532451       0.00000000      -1.09980849E-03
  -9.99808535E-02  0.475025594       0.00000000      -9.99808544E-04
  -8.99808556E-02  0.477519929       0.00000000      -8.99808540E-04
  -7.99808577E-02  0.480015457       0.00000000      -7.99808535E-04
  -6.99808598E-02  0.482511878       0.00000000      -6.99808588E-04
  -5.99808618E-02  0.485009283       0.00000000      -5.99808584E-04
  -4.99808639E-02  0.487507403       0.00000000      -4.99808637E-04
  -3.99808660E-02  0.490006059       0.00000000      -3.99808661E-04
  -2.99808662E-02  0.492505342       0.00000000      -2.99808657E-04
  -1.99808665E-02  0.495004982       0.00000000      -1.99808666E-04
  -9.98086669E-03  0.497504830       0.00000000      -9.98086616E-05
   1.91330910E-05  0.500004768       1.91330910E-05   1.91330910E-05
   1.00191329E-02  0.502504766       1.00191329E-02   1.00191329E-02
   2.00191326E-02  0.505004644       2.00191326E-02   2.00191326E-02
   3.00191324E-02  0.507504225       3.00191324E-02   3.00191324E-02
   4.00191322E-02  0.510003448       4.00191322E-02   4.00191322E-02
   5.00191301E-02  0.512502193       5.00191301E-02   5.00191301E-02
   6.00191280E-02  0.515000284       6.00191280E-02   6.00191280E-02
   7.00191259E-02  0.517497659       7.00191259E-02   7.00191259E-02
   8.00191239E-02  0.519994140       8.00191239E-02   8.00191239E-02
   9.00191218E-02  0.522489607       9.00191218E-02   9.00191218E-02
  0.100019120      0.524983943      0.100019120      0.100019120    
  0.110019118      0.527477086      0.110019118      0.110019118    
  0.120019116      0.529968798      0.120019116      0.120019116    
  0.130019113      0.532459021      0.130019113      0.130019113    
  0.140019119      0.534947693      0.140019119      0.140019119    
  0.150019124      0.537434578      0.150019124      0.150019124    
  0.160019130      0.539919615      0.160019130      0.160019130    
  0.170019135      0.542402685      0.170019135      0.170019135    
  0.180019140      0.544883668      0.180019140      0.180019140    
  0.190019146      0.547362387      0.190019146      0.190019146    
  0.200019151      0.549838722      0.200019151      0.200019151    
  0.210019156      0.552312672      0.210019156      0.210019156    
  0.220019162      0.554784000      0.220019162      0.220019162    
  0.230019167      0.557252586      0.230019167      0.230019167    
  0.240019172      0.559718370      0.240019172      0.240019172    
  0.250019163      0.562181175      0.250019163      0.250019163    
  0.260019153      0.564640999      0.260019153      0.260019153    
  0.270019144      0.567097604      0.270019144      0.270019144    
  0.280019134      0.569550931      0.280019134      0.280019134    
  0.290019125      0.572000802      0.290019125      0.290019125    
  0.300019115      0.574447155      0.300019115      0.300019115    
  0.310019106      0.576889932      0.310019106      0.310019106    
  0.320019096      0.579328895      0.320019096      0.320019096    
  0.330019087      0.581764042      0.330019087      0.330019087    
  0.340019077      0.584195197      0.340019077      0.340019077    
  0.350019068      0.586622179      0.350019068      0.350019068    
  0.360019058      0.589045048      0.360019058      0.360019058    
  0.370019048      0.591463566      0.370019048      0.370019048    
  0.380019039      0.593877673      0.380019039      0.380019039    
  0.390019029      0.596287310      0.390019029      0.390019029    
  0.400019020      0.598692238      0.400019020      0.400019020    
  0.410019010      0.601092458      0.410019010      0.410019010    
  0.420019001      0.603487790      0.420019001      0.420019001    
  0.430018991      0.605878234      0.430018991      0.430018991    
  0.440018982      0.608263552      0.440018982      0.440018982    
  0.450018972      0.610643744      0.450018972      0.450018972    
  0.460018963      0.613018692      0.460018963      0.460018963    
  0.470018953      0.615388215      0.470018953      0.470018953    
  0.480018944      0.617752373      0.480018944      0.480018944    
  0.490018934      0.620110869      0.490018934      0.490018934    
  0.500018954      0.622463763      0.500018954      0.500018954    
  0.510018945      0.624810934      0.510018945      0.510018945    
  0.520018935      0.627152145      0.520018935      0.520018935    
  0.530018926      0.629487514      0.530018926      0.530018926    
  0.540018916      0.631816804      0.540018916      0.540018916    
  0.550018907      0.634140015      0.550018907      0.550018907    
  0.560018897      0.636456907      0.560018897      0.560018897    
  0.570018888      0.638767540      0.570018888      0.570018888    
  0.580018878      0.641071737      0.580018878      0.580018878    
  0.590018868      0.643369496      0.590018868      0.590018868    
  0.600018859      0.645660639      0.600018859      0.600018859    
  0.610018849      0.647945106      0.610018849      0.610018849    
  0.620018840      0.650222838      0.620018840      0.620018840    
  0.630018830      0.652493715      0.630018830      0.630018830    
  0.640018821      0.654757738      0.640018821      0.640018821    
  0.650018811      0.657014728      0.650018811      0.650018811    
  0.660018802      0.659264624      0.660018802      0.660018802    
  0.670018792      0.661507368      0.670018792      0.670018792    
  0.680018783      0.663742840      0.680018783      0.680018783    
  0.690018773      0.665971100      0.690018773      0.690018773    
  0.700018764      0.668191969      0.700018764      0.700018764    
  0.710018754      0.670405328      0.710018754      0.710018754    
  0.720018744      0.672611177      0.720018744      0.720018744    
  0.730018735      0.674809396      0.730018735      0.730018735    
  0.740018725      0.676999927      0.740018725      0.740018725    
  0.750018716      0.679182768      0.750018716      0.750018716    
  0.760018706      0.681357801      0.760018706      0.760018706    
  0.770018697      0.683524966      0.770018697      0.770018697    
  0.780018687      0.685684144      0.780018687      0.780018687    
  0.790018678      0.687835336      0.790018678      0.790018678    
  0.800018668      0.689978480      0.800018668      0.800018668    
  0.810018659      0.692113519      0.810018659      0.810018659    
  0.820018649      0.694240272      0.820018649      0.820018649    
  0.830018640      0.696358919      0.830018640      0.830018640    
  0.840018630      0.698469162      0.840018630      0.840018630    
  0.850018620      0.700571001      0.850018620      0.850018620    
  0.860018611      0.702664554      0.860018611      0.860018611    
  0.870018601      0.704749584      0.870018601      0.870018601    
  0.880018592      0.706826091      0.880018592      0.880018592    
  0.890018582      0.708894014      0.890018582      0.890018582    
  0.900018573      0.710953355      0.900018573      0.900018573    
  0.910018563      0.713003993      0.910018563      0.910018563    
  0.920018554      0.715045869      0.920018554      0.920018554    
  0.930018544      0.717079043      0.930018544      0.930018544    
  0.940018535      0.719103396      0.940018535      0.940018535    
  0.950018525      0.721118867      0.950018525      0.950018525    
  0.960018516      0.723125517      0.960018516      0.960018516    
  0.970018506      0.725123167      0.970018506      0.970018506    
  0.980018497      0.727111876      0.980018497      0.980018497    
  0.990018487      0.729091525      0.990018487      0.990018487    
   1.00001848      0.731062174       1.00001848       1.00001848    
   1.01001847      0.733023763       1.01001847       1.01001847    
   1.02001846      0.734976172       1.02001846       1.02001846    
   1.03001845      0.736919463       1.03001845       1.03001845    
   1.04001844      0.738853574       1.04001844       1.04001844    
   1.05001843      0.740778446       1.05001843       1.05001843    
   1.06001842      0.742694080       1.06001842       1.06001842    
   1.07001841      0.744600415       1.07001841       1.07001841    
   1.08001840      0.746497512       1.08001840       1.08001840    
   1.09001839      0.748385191       1.09001839       1.09001839    
   1.10001838      0.750263512       1.10001838       1.10001838    
   1.11001837      0.752132535       1.11001837       1.11001837    
   1.12001836      0.753992140       1.12001836       1.12001836    
   1.13001835      0.755842268       1.13001835       1.13001835    
   1.14001834      0.757683039       1.14001834       1.14001834    
   1.15001833      0.759514272       1.15001833       1.15001833    
   1.16001832      0.761336088       1.16001832       1.16001832    
   1.17001832      0.763148308       1.17001832       1.17001832    
   1.18001831      0.764951050       1.18001831       1.18001831    
   1.19001830      0.766744375       1.19001830       1.19001830    
   1.20001829      0.768528044       1.20001829       1.20001829    
   1.21001828      0.770302236       1.21001828       1.21001828    
   1.22001827      0.772066772       1.22001827       1.22001827    
   1.23001826      0.773821771       1.23001826       1.23001826    
   1.24001825      0.775567234       1.24001825       1.24001825    
   1.25001824      0.777303040       1.25001824       1.25001824    
   1.26001823      0.779029250       1.26001823       1.26001823    
   1.27001822      0.780745804       1.27001822       1.27001822    
   1.28001821      0.782452822       1.28001821       1.28001821    
   1.29001820      0.784150243       1.29001820       1.29001820    
   1.30001819      0.785838008       1.30001819       1.30001819    
   1.31001818      0.787516177       1.31001818       1.31001818    
   1.32001817      0.789184749       1.32001817       1.32001817    
   1.33001816      0.790843606       1.33001816       1.33001816    
   1.34001815      0.792492926       1.34001815       1.34001815    
   1.35001814      0.794132531       1.35001814       1.35001814    
   1.36001813      0.795762599       1.36001813       1.36001813    
   1.37001812      0.797383070       1.37001812       1.37001812    
   1.38001812      0.798993886       1.38001812       1.38001812    
   1.39001811      0.800595164       1.39001811       1.39001811    
   1.40001810      0.802186728       1.40001810       1.40001810    
   1.41001809      0.803768814       1.41001809       1.41001809    
   1.42001808      0.805341184       1.42001808       1.42001808    
   1.43001807      0.806904197       1.43001807       1.43001807    
   1.44001806      0.808457434       1.44001806       1.44001806    
   1.45001805      0.810001194       1.45001805       1.45001805    
   1.46001804      0.811535418       1.46001804       1.46001804    
   1.47001803      0.813060105       1.47001803       1.47001803    
   1.48001802      0.814575315       1.48001802       1.48001802    
   1.49001801      0.816080987       1.49001801       1.49001801    
   1.50001800      0.817577124       1.50001800       1.50001800    
   1.51001799      0.819063842       1.51001799       1.51001799    
   1.52001798      0.820541143       1.52001798       1.52001798    
   1.53001797      0.822008967       1.53001797       1.53001797    
   1.54001796      0.823467314       1.54001796       1.54001796    
   1.55001795      0.824916303       1.55001795       1.55001795    
   1.56001794      0.826355875       1.56001794       1.56001794    
   1.57001793      0.827786207       1.57001793       1.57001793    
   1.58001792      0.829207063       1.58001792       1.58001792    
   1.59001791      0.830618680       1.59001791       1.59001791    
   1.60001791      0.832020938       1.60001791       1.60001791    
   1.61001790      0.833413839       1.61001790       1.61001790    
   1.62001789      0.834797561       1.62001789       1.62001789    
   1.63001788      0.836172104       1.63001788       1.63001788    
   1.64001787      0.837537348       1.64001787       1.64001787    
   1.65001786      0.838893414       1.65001786       1.65001786    
   1.66001785      0.840240419       1.66001785       1.66001785    
   1.67001784      0.841578186       1.67001784       1.67001784    
   1.68001783      0.842906892       1.68001783       1.68001783    
   1.69001782      0.844226539       1.69001782       1.69001782    
   1.70001781      0.845537066       1.70001781       1.70001781    
   1.71001780      0.846838593       1.71001780       1.71001780    
   1.72001779      0.848131120       1.72001779       1.72001779    
   1.73001778      0.849414706       1.73001778       1.73001778    
   1.74001777      0.850689292       1.74001777       1.74001777    
   1.75001776      0.851954997       1.75001776       1.75001776    
   1.76001775      0.853211939       1.76001775       1.76001775    
   1.77001774      0.854459882       1.77001774       1.77001774    
   1.78001773      0.855699062       1.78001773       1.78001773    
   1.79001772      0.856929421       1.79001772       1.79001772    
   1.80001771      0.858151078       1.80001771       1.80001771    
   1.81001770      0.859364033       1.81001770       1.81001770    
   1.82001770      0.860568285       1.82001770       1.82001770    
   1.83001769      0.861763835       1.83001769       1.83001769    
   1.84001768      0.862950742       1.84001768       1.84001768    
   1.85001767      0.864129126       1.85001767       1.85001767    
   1.86001766      0.865298986       1.86001766       1.86001766    
   1.87001765      0.866460323       1.87001765       1.87001765    
   1.88001764      0.867613137       1.88001764       1.88001764    
   1.89001763      0.868757546       1.89001763       1.89001763    
   1.90001762      0.869893551       1.90001762       1.90001762    
   1.91001761      0.871021152       1.91001761       1.91001761    
   1.92001760      0.872140348       1.92001760       1.92001760    
   1.93001759      0.873251379       1.93001759       1.93001759    
   1.94001758      0.874354064       1.94001758       1.94001758    
   1.95001757      0.875448585       1.95001757       1.95001757    
   1.96001756      0.876534879       1.96001756       1.96001756    
   1.97001755      0.877613008       1.97001755       1.97001755    
   1.98001754      0.878683090       1.98001754       1.98001754    
   1.99001753      0.879745007       1.99001753       1.99001753    
   2.00001764      0.880798876       2.00001764       2.00001764    
   2.01001763      0.881844819       2.01001763       2.01001763    
   2.02001762      0.882882833       2.02001762       2.02001762    
   2.03001761      0.883912861       2.03001761       2.03001761    
   2.04001760      0.884935021       2.04001760       2.04001760    
   2.05001760      0.885949373       2.05001760       2.05001760    
   2.06001759      0.886955917       2.06001759       2.06001759    
   2.07001758      0.887954772       2.07001758       2.07001758    
   2.08001757      0.888945758       2.08001757       2.08001757    
   2.09001756      0.889929116       2.09001756       2.09001756    
   2.10001755      0.890904903       2.10001755       2.10001755    
   2.11001754      0.891873002       2.11001754       2.11001754    
   2.12001753      0.892833591       2.12001753       2.12001753    
   2.13001752      0.893786669       2.13001752       2.13001752    
   2.14001751      0.894732296       2.14001751       2.14001751    
   2.15001750      0.895670414       2.15001750       2.15001750    
   2.16001749      0.896601200       2.16001749       2.16001749    
   2.17001748      0.897524595       2.17001748       2.17001748    
   2.18001747      0.898440719       2.18001747       2.18001747    
   2.19001746      0.899349511       2.19001746       2.19001746    
   2.20001745      0.900251091       2.20001745       2.20001745    
   2.21001744      0.901145458       2.21001744       2.21001744    
   2.22001743      0.902032793       2.22001743       2.22001743    
   2.23001742      0.902912915       2.23001742       2.23001742    
   2.24001741      0.903786004       2.24001741       2.24001741    
   2.25001740      0.904652059       2.25001740       2.25001740    
   2.26001740      0.905511141       2.26001740       2.26001740    
   2.27001739      0.906363308       2.27001739       2.27001739    
   2.28001738      0.907208502       2.28001738       2.28001738    
   2.29001737      0.908046901       2.29001737       2.29001737    
   2.30001736      0.908878446       2.30001736       2.30001736    
   2.31001735      0.909703314       2.31001735       2.31001735    
   2.32001734      0.910521388       2.32001734       2.32001734    
   2.33001733      0.911332726       2.33001733       2.33001733    
   2.34001732      0.912137449       2.34001732       2.34001732    
   2.35001731      0.912935555       2.35001731       2.35001731    
   2.36001730      0.913727105       2.36001730       2.36001730    
   2.37001729      0.914512157       2.37001729       2.37001729    
   2.38001728      0.915290773       2.38001728       2.38001728    
   2.39001727      0.916062891       2.39001727       2.39001727    
   2.40001726      0.916828632       2.40001726       2.40001726    
   2.41001725      0.917587996       2.41001725       2.41001725    
   2.42001724      0.918340981       2.42001724       2.42001724    
   2.43001723      0.919087768       2.43001723       2.43001723    
   2.44001722      0.919828296       2.44001722       2.44001722    
   2.45001721      0.920562685       2.45001721       2.45001721    
   2.46001720      0.921290934       2.46001720       2.46001720    
   2.47001719      0.922012985       2.47001719       2.47001719    
   2.48001719      0.922729015       2.48001719       2.48001719    
   2.49001718      0.923439026       2.49001718       2.49001718    
   2.50001717      0.924143016       2.50001717       2.50001717    
   2.51001716      0.924841046       2.51001716       2.51001716    
   2.52001715      0.925533295       2.52001715       2.52001715    
   2.53001714      0.926219523       2.53001714       2.53001714    
   2.54001713      0.926899970       2.54001713       2.54001713    
   2.55001712      0.927574694       2.55001712       2.55001712    
   2.56001711      0.928243577       2.56001711       2.56001711    
   2.57001710      0.928906798       2.57001710       2.57001710    
   2.58001709      0.929564357       2.58001709       2.58001709    
   2.59001708      0.930216312       2.59001708       2.59001708    
   2.60001707      0.930862725       2.60001707       2.60001707    
   2.61001706      0.931503475       2.61001706       2.61001706    
   2.62001705      0.932138801       2.62001705       2.62001705    
   2.63001704      0.932768583       2.63001704       2.63001704    
   2.64001703      0.933393002       2.64001703       2.64001703    
   2.65001702      0.934012055       2.65001702       2.65001702    
   2.66001701      0.934625745       2.66001701       2.66001701    
   2.67001700      0.935234070       2.67001700       2.67001700    
   2.68001699      0.935837090       2.68001699       2.68001699    
   2.69001698      0.936434984       2.69001698       2.69001698    
   2.70001698      0.937027633       2.70001698       2.70001698    
   2.71001697      0.937615097       2.71001697       2.71001697    
   2.72001696      0.938197553       2.72001696       2.72001696    
   2.73001695      0.938774765       2.73001695       2.73001695    
   2.74001694      0.939347088       2.74001694       2.74001694    
   2.75001693      0.939914286       2.75001693       2.75001693    
   2.76001692      0.940476537       2.76001692       2.76001692    
   2.77001691      0.941033959       2.77001691       2.77001691    
   2.78001690      0.941586375       2.78001690       2.78001690    
   2.79001689      0.942133963       2.79001689       2.79001689    
   2.80001688      0.942676783       2.80001688       2.80001688    
   2.81001687      0.943214655       2.81001687       2.81001687    
   2.82001686      0.943747997       2.82001686       2.82001686    
   2.83001685      0.944276512       2.83001685       2.83001685    
   2.84001684      0.944800317       2.84001684       2.84001684    
   2.85001683      0.945319593       2.85001683       2.85001683    
   2.86001682      0.945834160       2.86001682       2.86001682    
   2.87001681      0.946344197       2.87001681       2.87001681    
   2.88001680      0.946849644       2.88001680       2.88001680    
   2.89001679      0.947350740       2.89001679       2.89001679    
   2.90001678      0.947847307       2.90001678       2.90001678    
   2.91001678      0.948339403       2.91001678       2.91001678    
   2.92001677      0.948827088       2.92001677       2.92001677    
   2.93001676      0.949310541       2.93001676       2.93001676    
   2.94001675      0.949789584       2.94001675       2.94001675    
   2.95001674      0.950264275       2.95001674       2.95001674    
   2.96001673      0.950734794       2.96001673       2.96001673    
   2.97001672      0.951201081       2.97001672       2.97001672    
   2.98001671      0.951663136       2.98001671       2.98001671    
   2.99001670      0.952121019       2.99001670       2.99001670    
   3.00001669      0.952574909       3.00001669       3.00001669    
   3.01001668      0.953024566       3.01001668       3.01001668    
   3.02001667      0.953470290       3.02001667       3.02001667    
   3.03001666      0.953911901       3.03001666       3.03001666    
   3.04001665      0.954349577       3.04001665       3.04001665    
   3.05001664      0.954783201       3.05001664       3.05001664    
   3.06001663      0.955213010       3.06001663       3.06001663    
   3.07001662      0.955638945       3.07001662       3.07001662    
   3.08001661      0.956060886       3.08001661       3.08001661    
   3.09001660      0.956479013       3.09001660       3.09001660    
   3.10001659      0.956893384       3.10001659       3.10001659    
   3.11001658      0.957304001       3.11001658       3.11001658    
   3.12001657      0.957710922       3.12001657       3.12001657    
   3.13001657      0.958114088       3.13001657       3.13001657    
   3.14001656      0.958513558       3.14001656       3.14001656    
   3.15001655      0.958909333       3.15001655       3.15001655    
   3.16001654      0.959301591       3.16001654       3.16001654    
   3.17001653      0.959690213       3.17001653       3.17001653    
   3.18001652      0.960075319       3.18001652       3.18001652    
   3.19001651      0.960456848       3.19001651       3.19001651    
   3.20001650      0.960834980       3.20001650       3.20001650    
   3.21001649      0.961209476       3.21001649       3.21001649    
   3.22001648      0.961580575       3.22001648       3.22001648    
   3.23001647      0.961948335       3.23001647       3.23001647    
   3.24001646      0.962312698       3.24001646       3.24001646    
   3.25001645      0.962673724       3.25001645       3.25001645    
   3.26001644      0.963031352       3.26001644       3.26001644    
   3.27001643      0.963385701       3.27001643       3.27001643    
   3.28001642      0.963736832       3.28001642       3.28001642    
   3.29001641      0.964084685       3.29001641       3.29001641    
   3.30001640      0.964429438       3.30001640       3.30001640    
   3.31001639      0.964770794       3.31001639       3.31001639    
   3.32001638      0.965109110       3.32001638       3.32001638    
   3.33001637      0.965444386       3.33001637       3.33001637    
   3.34001637      0.965776384       3.34001637       3.34001637    
   3.35001636      0.966105402       3.35001636       3.35001636    
   3.36001635      0.966431260       3.36001635       3.36001635    
   3.37001634      0.966754258       3.37001634       3.37001634    
   3.38001633      0.967074156       3.38001633       3.38001633    
   3.39001632      0.967391074       3.39001632       3.39001632    
   3.40001631      0.967705011       3.40001631       3.40001631    
   3.41001630      0.968016148       3.41001630       3.41001630    
   3.42001629      0.968324304       3.42001629       3.42001629    
   3.43001628      0.968629539       3.43001628       3.43001628    
   3.44001627      0.968931973       3.44001627       3.44001627    
   3.45001626      0.969231665       3.45001626       3.45001626    
   3.46001625      0.969528437       3.46001625       3.46001625    
   3.47001624      0.969822526       3.47001624       3.47001624    
   3.48001623      0.970113814       3.48001623       3.48001623    
   3.49001622      0.970402300       3.49001622       3.49001622    
   3.50001621      0.970688224       3.50001621       3.50001621    
   3.51001620      0.970971465       3.51001620       3.51001620    
   3.52001619      0.971251965       3.52001619       3.52001619    
   3.53001618      0.971529901       3.53001618       3.53001618    
   3.54001617      0.971805215       3.54001617       3.54001617    
   3.55001616      0.972077847       3.55001616       3.55001616    
   3.56001616      0.972348034       3.56001616       3.56001616    
   3.57001615      0.972615600       3.57001615       3.57001615    
   3.58001614      0.972880661       3.58001614       3.58001614    
   3.59001613      0.973143280       3.59001613       3.59001613    
   3.60001612      0.973403454       3.60001612       3.60001612    
   3.61001611      0.973661065       3.61001611       3.61001611    
   3.62001610      0.973916292       3.62001610       3.62001610    
   3.63001609      0.974169195       3.63001609       3.63001609    
   3.64001608      0.974419594       3.64001608       3.64001608    
   3.65001607      0.974667668       3.65001607       3.65001607    
   3.66001606      0.974913478       3.66001606       3.66001606    
   3.67001605      0.975156784       3.67001605       3.67001605    
   3.68001604      0.975398004       3.68001604       3.68001604    
   3.69001603      0.975636780       3.69001603       3.69001603    
   3.70001602      0.975873291       3.70001602       3.70001602    
   3.71001601      0.976107717       3.71001601       3.71001601    
   3.72001600      0.976339817       3.72001600       3.72001600    
   3.73001599      0.976569712       3.73001599       3.73001599    
   3.74001598      0.976797402       3.74001598       3.74001598    
   3.75001597      0.977023005       3.75001597       3.75001597    
   3.76001596      0.977246404       3.76001596       3.76001596    
   3.77001595      0.977467656       3.77001595       3.77001595    
   3.78001595      0.977686882       3.78001595       3.78001595    
   3.79001594      0.977903962       3.79001594       3.79001594    
   3.80001593      0.978119016       3.80001593       3.80001593    
   3.81001592      0.978332102       3.81001592       3.81001592    
   3.82001591      0.978543043       3.82001591       3.82001591    
   3.83001590      0.978751957       3.83001590       3.83001590    
   3.84001589      0.978958905       3.84001589       3.84001589    
   3.85001588      0.979163945       3.85001588       3.85001588    
   3.86001587      0.979367077       3.86001587       3.86001587    
   3.87001586      0.979568124       3.87001586       3.87001586    
   3.88001585      0.979767323       3.88001585       3.88001585    
   3.89001584      0.979964614       3.89001584       3.89001584    
   3.90001583      0.980159998       3.90001583       3.90001583    
   3.91001582      0.980353534       3.91001582       3.91001582    
   3.92001581      0.980545163       3.92001581       3.92001581    
   3.93001580      0.980735123       3.93001580       3.93001580    
   3.94001579      0.980923057       3.94001579       3.94001579    
   3.95001578      0.981109262       3.95001578       3.95001578    
   3.96001577      0.981293857       3.96001577       3.96001577    
   3.97001576      0.981476486       3.97001576       3.97001576    
   3.98001575      0.981657386       3.98001575       3.98001575    
   3.99001575      0.981836617       3.99001575       3.99001575    
   4.00001574      0.982014120       4.00001574       4.00001574    
   4.01001596      0.982189775       4.01001596       4.01001596    
   4.02001619      0.982363939       4.02001619       4.02001619    
   4.03001642      0.982536435       4.03001642       4.03001642    
   4.04001665      0.982707083       4.04001665       4.04001665    
   4.05001688      0.982876241       4.05001688       4.05001688    
   4.06001711      0.983043730       4.06001711       4.06001711    
   4.07001734      0.983209670       4.07001734       4.07001734    
   4.08001757      0.983373880       4.08001757       4.08001757    
   4.09001780      0.983536661       4.09001780       4.09001780    
   4.10001802      0.983697832       4.10001802       4.10001802    
   4.11001825      0.983857393       4.11001825       4.11001825    
   4.12001848      0.984015465       4.12001848       4.12001848    
   4.13001871      0.984172046       4.13001871       4.13001871    
   4.14001894      0.984327018       4.14001894       4.14001894    
   4.15001917      0.984480560       4.15001917       4.15001917    
   4.16001940      0.984632611       4.16001940       4.16001940    
   4.17001963      0.984783232       4.17001963       4.17001963    
   4.18001986      0.984932244       4.18001986       4.18001986    
   4.19002008      0.985079944       4.19002008       4.19002008    
   4.20002031      0.985226333       4.20002031       4.20002031    
   4.21002054      0.985371113       4.21002054       4.21002054    
   4.22002077      0.985514522       4.22002077       4.22002077    
   4.23002100      0.985656619       4.23002100       4.23002100    
   4.24002123      0.985797346       4.24002123       4.24002123    
   4.25002146      0.985936701       4.25002146       4.25002146    
   4.26002169      0.986074626       4.26002169       4.26002169    
   4.27002192      0.986211300       4.27002192       4.27002192    
   4.28002214      0.986346662       4.28002214       4.28002214    
   4.29002237      0.986480594       4.29002237       4.29002237    
   4.30002260      0.986613333       4.30002260       4.30002260    
   4.31002283      0.986744821       4.31002283       4.31002283    
   4.32002306      0.986874998       4.32002306       4.32002306    
   4.33002329      0.987003863       4.33002329       4.33002329    
   4.34002352      0.987131476       4.34002352       4.34002352    
   4.35002375      0.987257898       4.35002375       4.35002375    
   4.36002398      0.987383187       4.36002398       4.36002398    
   4.37002420      0.987507105       4.37002420       4.37002420    
   4.38002443      0.987629831       4.38002443       4.38002443    
   4.39002466      0.987751484       4.39002466       4.39002466    
   4.40002489      0.987871885       4.40002489       4.40002489    
   4.41002512      0.987991154       4.41002512       4.41002512    
   4.42002535      0.988109171       4.42002535       4.42002535    
   4.43002558      0.988226116       4.43002558       4.43002558    
   4.44002581      0.988341868       4.44002581       4.44002581    
   4.45002604      0.988456607       4.45002604       4.45002604    
   4.46002626      0.988570035       4.46002626       4.46002626    
   4.47002649      0.988682568       4.47002649       4.47002649    
   4.48002672      0.988793910       4.48002672       4.48002672    
   4.49002695      0.988904178       4.49002695       4.49002695    
   4.50002718      0.989013433       4.50002718       4.50002718    
   4.51002741      0.989121497       4.51002741       4.51002741    
   4.52002764      0.989228606       4.52002764       4.52002764    
   4.53002787      0.989334643       4.53002787       4.53002787    
   4.54002810      0.989439547       4.54002810       4.54002810    
   4.55002832      0.989543557       4.55002832       4.55002832    
   4.56002855      0.989646494       4.56002855       4.56002855    
   4.57002878      0.989748538       4.57002878       4.57002878    
   4.58002901      0.989849448       4.58002901       4.58002901    
   4.59002924      0.989949465       4.59002924       4.59002924    
   4.60002947      0.990048528       4.60002947       4.60002947    
   4.61002970      0.990146577       4.61002970       4.61002970    
   4.62002993      0.990243614       4.62002993       4.62002993    
   4.63003016      0.990339816       4.63003016       4.63003016    
   4.64003038      0.990435004       4.64003038       4.64003038    
   4.65003061      0.990529239       4.65003061       4.65003061    
   4.66003084      0.990622580       4.66003084       4.66003084    
   4.67003107      0.990715027       4.67003107       4.67003107    
   4.68003130      0.990806520       4.68003130       4.68003130    
   4.69003153      0.990897238       4.69003153       4.69003153    
   4.70003176      0.990987003       4.70003176       4.70003176    
   4.71003199      0.991075873       4.71003199       4.71003199    
   4.72003222      0.991163850       4.72003222       4.72003222    
   4.73003244      0.991251111       4.73003244       4.73003244    
   4.74003267      0.991337299       4.74003267       4.74003267    
   4.75003290      0.991422832       4.75003290       4.75003290    
   4.76003313      0.991507411       4.76003313       4.76003313    
   4.77003336      0.991591215       4.77003336       4.77003336    
   4.78003359      0.991674244       4.78003359       4.78003359    
   4.79003382      0.991756320       4.79003382       4.79003382    
   4.80003405      0.991837680       4.80003405       4.80003405    
   4.81003428      0.991918266       4.81003428       4.81003428    
   4.82003450      0.991998017       4.82003450       4.82003450    
   4.83003473      0.992077112       4.83003473       4.83003473    
   4.84003496      0.992155254       4.84003496       4.84003496    
   4.85003519      0.992232680       4.85003519       4.85003519    
   4.86003542      0.992309451       4.86003542       4.86003542    
   4.87003565      0.992385268       4.87003565       4.87003565    
   4.88003588      0.992460549       4.88003588       4.88003588    
   4.89003611      0.992534995       4.89003611       4.89003611    
   4.90003633      0.992608726       4.90003633       4.90003633    
   4.91003656      0.992681682       4.91003656       4.91003656    
   4.92003679      0.992754042       4.92003679       4.92003679    
   4.93003702      0.992825627       4.93003702       4.93003702    
   4.94003725      0.992896497       4.94003725       4.94003725    
   4.95003748      0.992966652       4.95003748       4.95003748    
   4.96003771      0.993036211       4.96003771       4.96003771    
   4.97003794      0.993104994       4.97003794       4.97003794    
   4.98003817      0.993173063       4.98003817       4.98003817    
   4.99003839      0.993240595       4.99003839       4.99003839    
   5.00003862      0.993307412       5.00003862       5.00003862    
