  -6.2831853071795862        2.4492935982947064E-016  -6.2831853071795862        35.058516933220169       -46.546732342854874        30.159127410206487       -11.899566534691147        3.1950760421318378       -9.1166555696569045     
  -6.2517693806436885        3.1410759078128354E-002  -6.2517693806436885        34.472902786105323       -45.112514818586661        28.948576504266754       -11.254890716991106        3.0299934162323208       -8.5050488256453054     
  -6.2203534541077907        6.2790519529313263E-002  -6.2203534541077907        33.893458888049864       -43.712321193106703        27.782552664135252       -10.638789661164537        2.8760212722274545       -7.9277820466381428     
  -6.1889375275718930        9.4108313318514034E-002  -6.1889375275718930        33.320154232777092       -42.345579575660189        26.659673907059137       -10.050112434147785        2.7325514480932060       -7.3830133410873593     
  -6.1575216010359952       0.12533323356430379       -6.1575216010359952        32.752957814010344       -41.011724134682069        25.578591266592497       -9.4877506880828335        2.5990028515420303       -6.8689944084849124     
  -6.1261056745000975       0.15643446504023023       -6.1261056745000975        32.191838625472940       -39.710195067195087        24.537988234140443       -8.9506373288948211        2.4748203660179158       -6.3840662586498382     
  -6.0946897479641997       0.18738131458572382       -6.0946897479641997        31.636765660888184       -38.440438568207796        23.536580206453188       -8.4377452169047480        2.3594737974098301       -5.9266551041718873     
  -6.0632738214283020       0.21814324139654157       -6.0632738214283020        31.087707913979415       -37.201906800112639        22.573113939039942       -7.9480858989318790        2.2524568602012618       -5.4952684198098423     
  -6.0318578948924042       0.24868988716485363       -6.0318578948924042        30.544634378469937       -35.994057862083892        21.646367005472378       -7.4807083713465197        2.1532862018043222       -5.0884911628372729     
  -6.0004419683565065       0.27899110603922794       -6.0004419683565065        30.007514048083081       -34.816355759475783        20.755147262547332       -7.0346978735396100        2.0615004638574472       -4.7049821485180416     
  -5.9690260418206087       0.30901699437494595       -5.9690260418206087        29.476315916542159       -33.668270373220480        19.898292321278916       -6.6091747112808932        1.9766593792962297       -4.3434705750775668     
  -5.9376101152847109       0.33873792024528976       -5.9376101152847109        28.951008977570503       -32.549277429226109        19.074669023689310       -6.2032931094440720        1.8983429040355269       -4.0027526927162160     
  -5.9061941887488132       0.36812455268467614       -5.9061941887488132        28.431562224891415       -31.458858467774846        18.283172925368568       -5.8162400935820493        1.8261503821309892       -3.6816886113846641     
  -5.8747782622129154       0.39714789063477868       -5.8747782622129154        27.917944652228222       -30.396500812920898        17.522727783772787       -5.4472343998419923        1.7596997433156965       -3.3791992422118318     
  -5.8433623356770177       0.42577929156507061       -5.8433623356770177        27.410125253304248       -29.361697541888521        16.792285052230799       -5.0955254127147995        1.6986267318363808       -3.0942633676403233     
  -5.8119464091411199       0.45399049973954458       -5.8119464091411199        26.908073021842810       -28.353947454470102        16.090823379628858       -4.7603921301199428        1.6425841655404216       -2.8259148354857411     
  -5.7805304826052222       0.48175367410171299       -5.7805304826052222        26.411756951567227       -27.372755042424139        15.417348115743394       -4.4411421553316082        1.5912412241924354       -2.5732398722917562     
  -5.7491145560693244       0.50904141575036888       -5.7491145560693244        25.921146036200824       -26.417630458873333        14.770890822191383       -4.1371107152581033        1.5442827660253036       -2.3353745115051989     
  -5.7176986295334267       0.53582679497899410       -5.7176986295334267        25.436209269466907       -25.488089487702567        14.150508788968438       -3.8476597045916421        1.5014086715568995       -2.1115021321426521     
  -5.6862827029975289       0.56208337785212792       -5.6862827029975289        24.956915645088813       -24.583653512956943        13.555284556544116       -3.5721767553515740        1.4623332137288463       -1.9008511037639768     
  -5.6548667764616312       0.58778525229247047       -5.6548667764616312        24.483234156789848       -23.703849488239854        12.984325443484323       -3.3100743313493517        1.4267844534489953       -1.7026925337074026     
  -5.6234508499257334       0.61290705365297371       -5.6234508499257334        24.015133798293334       -22.848209906110974        12.436763079570810       -3.0607888471087552        1.3945036596440943       -1.5163381126760642     
  -5.5920349233898357       0.63742398974868686       -5.5920349233898357        23.552583563322600       -22.016272767484281        11.911752944387246       -2.8237798107809677        1.3652447529526563       -1.3411380548981460     
  -5.5606189968539379       0.66131186532364894       -5.5606189968539379        23.095552445600958       -21.207581551026152        11.408473911341908       -2.5985289905987976        1.3387737722123640       -1.1764791292099717     
  -5.5292030703180401       0.68454710592868573       -5.5292030703180401        22.644009438851729       -20.421685182553329        10.926127797096640       -2.3845396044201834        1.3148683629191322       -1.0217827775360000     
  -5.4977871437821424       0.70710678118654458       -5.4977871437821424        22.197923536798228       -19.658138004430981        10.463938916371983       -2.1813355319161829        1.2933172868580143      -0.87650331735995701     
  -5.4663712172462446       0.72896862742140855       -5.4663712172462446        21.757263733163786       -18.916499744970711        10.021153642098220       -1.9884605489640936        1.2739199521283222      -0.74012622489855406     
  -5.4349552907103469       0.75011106963045648       -5.4349552907103469        21.321999021671715       -18.196335487828648        9.5970399708820651       -1.8054775838116601        1.2564859628072393      -0.61216649580282567     
  -5.4035393641744491       0.77051324277578614       -5.4035393641744491        20.892098396045331       -17.497215641403383        9.1908870937589917       -1.6319679945833130        1.2408346875179364      -0.49216708032213785     
  -5.3721234376385514       0.79015501237568730       -5.3721234376385514        20.467530850007961       -16.818715908234104        8.8020049722007201       -1.4675308677050420        1.2267948461888274      -0.37969738997331404     
  -5.3407075111026536       0.80901699437494445       -5.3407075111026536        20.048265377282924       -16.160417254398531        8.4297239193479747       -1.3117823368291504        1.2142041143117930      -0.27435187286054541     
  -5.3092915845667559       0.82708057427455883       -5.3092915845667559        19.634270971593537       -15.521905878911035        8.0733941864379872       -1.1643549218458684        1.2029087440268498      -0.17574865489299274     
  -5.2778756580308581       0.84432792550201219       -5.2778756580308581        19.225516626663119       -14.902773183120598        7.7323855543968385       -1.0248968875733873        1.1927632013811302       -8.3528244244015948E-002
  -5.2464597314949604       0.86074202700394076       -5.2464597314949604        18.821971336214993       -14.302615740108898        7.4060869305661861      -0.89307162172343624        1.1836298191289725        2.6477035089083056E-003
  -5.2150438049590626       0.87630668004386081       -5.2150438049590626        18.423604093972475       -13.721035264088304        7.0939059505343742      -0.76855703174422718        1.1753784644593306        8.3097562033167760E-002
  -5.1836278784231649       0.89100652418836512       -5.1836278784231649        18.030383893658886       -13.157638579799919        6.7952685850415868      -0.65104496014790048        1.1678862210550669       0.15812085505931228     
  -5.1522119518872671       0.90482705246601691       -5.1522119518872671        17.642279728997551       -12.612037591911609        6.5096187519289259      -0.54024061793440481        1.1610370849071363       0.22799932366311781     
  -5.1207960253513694       0.91775462568397859       -5.1207960253513694        17.259260593711780       -12.083849254416066        6.2364179331010909      -0.43586203572897642        1.1547216733242907       0.29299794222217701     
  -5.0893800988154716       0.92977648588824902       -5.0893800988154716        16.881295481524901       -11.572695540028786        5.9751447964726871      -0.33763953225490440        1.1488369465968293       0.35336588517733802     
  -5.0579641722795738       0.94088076895422323       -5.0579641722795738        16.508353386160231       -11.078203409586134        5.7252948228676814      -0.24531519976874971        1.1432859417894798       0.40933744665047533     
  -5.0265482457436761       0.95105651629515142       -5.0265482457436761        16.140403301341088       -10.600004781443371        5.4863799378420026      -0.15864240608958724        1.1379775181557106       0.46113291489474439     
  -4.9951323192077783       0.96029368567694107       -4.9951323192077783        15.777414220790794       -10.137736500872679        5.2579281483990155       -7.7385312858938349E-002   1.1328261136819258       0.50895940347986368     
  -4.9637163926718806       0.96858316112862930       -4.9637163926718806        15.419355138232667       -9.6910403094612008        5.0394831845676240       -1.3184096729110806E-003   1.1277515122859858       0.55301164104392420     
  -4.9323004661359828       0.97591676193874577       -4.9323004661359828        15.066195047390027       -9.2595628145090725        4.8306041458128988        6.9773936267315761E-002   1.1226786212103441       0.59347272137468376     
  -4.9008845396000851       0.98228725072868728       -4.9008845396000851        14.717902941986193       -8.8429554584274364        4.6308651522489388       0.13609791533556681        1.1175372581652177       0.63051481551663469     
  -4.8694686130641873       0.98768834059513655       -4.8694686130641873        14.374447815744487       -8.4408744881364921        4.4398550006238064       0.19785069583555526        1.1122619477922622       0.66429984753591498     
  -4.8380526865282896       0.99211470131447688       -4.8380526865282896        14.035798662388228       -8.0529809244635224        4.2571768250463080       0.25522082987013039        1.1067917270338807       0.69498013551297444     
  -4.8066367599923918       0.99556196460307922       -4.8066367599923918        13.701924475640736       -7.6789405315409258        4.0824477624244491       0.30838864505972285        1.1010699590075324       0.72269899927273795     
  -4.7752208334564941       0.99802672842827100       -4.7752208334564941        13.372794249225326       -7.3184237862042494        3.9152986225853450       0.35752662244021804        1.0950441549984431       0.74759133630396690     
  -4.7438049069205963       0.99950656036573127       -4.7438049069205963        13.048376976865322       -6.9711058473902039        3.7553735630463780       0.40279976086579294        1.0886658041976685       0.76978416726327781     
  -4.7123889803846986        1.0000000000000000       -4.7123889803846986        12.728641652284047       -6.6366665255347215        3.6023297684073814       0.44436592823772525        1.0818902108258535       0.78939715240510089     
  -4.6809730538488008       0.99950656036573182       -4.6809730538488008        12.413557269204814       -6.3147902519709778        3.4558371343337075       0.48237619987563862        1.0746763382960465       0.80654308022646903     
  -4.6495571273129030       0.99802672842827211       -4.6495571273129030        12.103092821350948       -6.0051660483274034        3.3155779560999274       0.51697518434304301        1.0669866600815421       0.82132832956485191     
  -4.6181412007770053       0.99556196460308088       -4.6181412007770053        11.797217302445764       -5.7074874959257489        3.1812466216639397       0.54830133703455131        1.0587870169671387       0.83385330633841592     
  -4.5867252742411075       0.99211470131447899       -4.5867252742411075        11.495899706212583       -5.4214527051790888        3.0525493092413587       0.57648726182776810        1.0500464803743510       0.84421285607100993     
  -4.5553093477052098       0.98768834059513921       -4.5553093477052098        11.199109026374730       -5.1467642849898727        2.9292036893499080       0.60166000109826223        1.0407372214627664       0.85249665329853230     
  -4.5238934211693120       0.98228725072869050       -4.5238934211693120        10.906814256655517       -4.8831293121479398        2.8109386312936673       0.62394131439174938        1.0308343857213405       0.85878956890954372     
  -4.4924774946334143       0.97591676193874954       -4.4924774946334143        10.618984390778269       -4.6302593007285608        2.6974939140569223       0.64344794604312705        1.0203159727745170       0.86317201643053754     
  -4.4610615680975165       0.96858316112863363       -4.4610615680975165        10.335588422466303       -4.3878701714904764        2.5886199415774493       0.66029188202774192        1.0091627211390664       0.86572027822552822     
  -4.4296456415616188       0.96029368567694595       -4.4296456415616188        10.056595345442940       -4.1556822212739046        2.4840774623690498       0.67458059632590728       0.99735799767811439       0.86650681254020046     
  -4.3982297150257210       0.95105651629515686       -4.3982297150257210        9.7819741534314986       -3.9334200923986007        2.3836372934630479       0.68641728707733196       0.98488769150912514       0.86560054228284233     
  -4.3668137884898233       0.94088076895422912       -4.3668137884898233        9.5116938401552993       -3.7208127420618631        2.2870800486386651       0.69590110279802486       0.97174011213284450       0.86306712639788385     
  -4.3353978619539255       0.92977648588825534       -4.3353978619539255        9.2457233993376615       -3.5175934117365912        2.1941958709119520       0.70312735892778866       0.95790589155979866       0.85896921465240617     
  -4.3039819354180278       0.91775462568398547       -4.3039819354180278        8.9840318247019049       -3.3234995965692935        2.1047841692531808       0.70818774497243919       0.94337789022071372       0.85336668662228110     
  -4.2725660088821300       0.90482705246602424       -4.2725660088821300        8.7265881099713507       -3.1382730147781270        2.0186533595024159       0.71117052250051671       0.92815110645630972       0.84631687563172953     
  -4.2411500823462323       0.89100652418837301       -4.2411500823462323        8.4733612488693151       -2.9616595770509377        1.9356206094530872       0.71216071425023197       0.91222258939106393       0.83787477836874824     
  -4.2097341558103345       0.87630668004386914       -4.2097341558103345        8.2243202351191211       -2.7934093559432807        1.8555115880733837       0.71124028459825550       0.89559135500429909       0.82809325086856833     
  -4.1783182292744367       0.86074202700394964       -4.1783182292744367        7.9794340624440867       -2.6332765552764545        1.7781602188352350       0.70848831163783577       0.87825830522043280       0.81702319152813929     
  -4.1469023027385390       0.84432792550202151       -4.1469023027385390        7.7386717245675332       -2.4810194795355347        1.7034084371206850       0.70398115110971127       0.86022614984854218       0.80471371178664985     
  -4.1154863762026412       0.82708057427456860       -4.1154863762026412        7.5020022152127801       -2.3364005032674040        1.6311059516754680       0.69779259242525948       0.84149933120944143       0.79121229508016200     
  -4.0840704496667435       0.80901699437495456       -4.0840704496667435        7.2693945281031436       -2.1991860404787911        1.5611100100795605       0.68999400701729863       0.82208395129624234       0.77656494465249393     
  -4.0526545231308457       0.79015501237569796       -4.0526545231308457        7.0408176569619449       -2.0691465140342853        1.4932851682045456       0.68065448925005578       0.80198770132199959       0.76081632077965922     
  -4.0212385965949480       0.77051324277579725       -4.0212385965949480        6.8162405955125092       -1.9460563250543785        1.4275030636275390       0.66984099011579434       0.78121979351530757       0.74400986794116342     
  -3.9898226700590502       0.75011106963046803       -3.9898226700590502        6.5956323374781505       -1.8296938223135069        1.3636421929714886       0.65761844394174462       0.75979089503188257       0.72618793244852975     
  -3.9584067435231525       0.72896862742142043       -3.9584067435231525        6.3789618765821885       -1.7198412716380620        1.3015876931416877       0.64404988832714516       0.73771306385711044       0.70739187101940304     
  -3.9269908169872547       0.70710678118655679       -3.9269908169872547        6.1661982065479446       -1.6162848253044366        1.2412311264282283       0.62919657752623293       0.71499968658108970       0.68766215076426196     
  -3.8955748904513570       0.68454710592869839       -3.8955748904513570        5.9573103210987384       -1.5188144914370483        1.1824702694442499       0.61311808948934210       0.69166541793431313       0.66703844103257193     
  -3.8641589639154592       0.66131186532366204       -3.8641589639154592        5.7522672139578894       -1.4272241034063784        1.1252089058697399       0.59587242677037922       0.66772612197827974       0.64555969754558640     
  -3.8327430373795615       0.63742398974870029       -3.8327430373795615        5.5510378788487174       -1.3413112892269972        1.0693566229707154       0.57751611150526783       0.64319881485146513       0.62326423922436125     
  -3.8013271108436637       0.61290705365298748       -3.8013271108436637        5.3535913094945418       -1.2608774409555998        1.0148286118635585       0.55810427466216206       0.61810160897686384       0.60018981810352134     
  -3.7699111843077660       0.58778525229248446       -3.7699111843077660        5.1598964996186822       -1.1857276840890325       0.96154547149432279       0.53769073976058923       0.59245365864302779       0.57637368270415823     
  -3.7384952577718682       0.56208337785214235       -3.7384952577718682        4.9699224429444584       -1.1156708469623302       0.90943301630278217       0.51632810125295903       0.56627510687592708       0.55185263522267225     
  -3.7070793312359704       0.53582679497900876       -3.7070793312359704        4.7836381331951916       -1.0505194301467435       0.85842208754105020       0.49406779775830129       0.53958703352428961       0.52666308287661490     
  -3.6756634047000727       0.50904141575038386       -3.6756634047000727        4.6010125640941979      -0.99008957584777502       0.80844836821653976       0.47096018033442977       0.51241140448610045       0.50084108373337777     
  -3.6442474781641749       0.48175367410172826       -3.6442474781641749        4.4220147293648022      -0.93420103730320214       0.75945220162908278       0.44705457597120113       0.48477102200888456       0.47442238733309749     
  -3.6128315516282772       0.45399049973956013       -3.6128315516282772        4.2466136227303179      -0.88267714818112353       0.71137841347197783       0.42239934648393695       0.45668947600106452       0.44744247040319812     
  -3.5814156250923794       0.42577929156508637       -3.5814156250923794        4.0747782379140709      -0.83534479197796863       0.66417613746681092       0.39704194298264150       0.42819109629630103       0.41993656794875739     
  -3.5499996985564817       0.39714789063479466       -3.5499996985564817        3.9064775686393762      -0.79203437141655453       0.61779864450177646       0.37102895608903730       0.39930090581697358       0.39193969999002443     
  -3.5185837720205839       0.36812455268469235       -3.5185837720205839        3.7416806086295571      -0.75257977784409480       0.57220317524337694       0.34440616207013652       0.37004457458730600       0.36348669420637836     
  -3.4871678454846862       0.33873792024530613       -3.4871678454846862        3.5803563516079295      -0.71681836063024917       0.52735077619121928       0.31721856505347812       0.34044837455051280       0.33461220473419206     
  -3.4557519189487884       0.30901699437496249       -3.4557519189487884        3.4224737912978158      -0.68459089656514216       0.48320613914577426       0.28951043548590860       0.31053913514835740       0.30535072735505731     
  -3.4243359924128907       0.27899110603924465       -3.4243359924128907        3.2680019214225364      -0.65574155925739763       0.43973744405884663       0.26132534499429971       0.28034419962510210       0.27573661130004162     
  -3.3929200658769929       0.24868988716487050       -3.3929200658769929        3.1169097357054083      -0.63011788853217965       0.39691620523656446       0.23270619780331606       0.24989138202144262       0.24580406788550607     
  -3.3615041393410952       0.21814324139655855       -3.3615041393410952        2.9691662278697537      -0.60757075982920838       0.35471712086471741       0.20369525886206066       0.21920892482743948       0.21558717618628609     
  -3.3300882128051974       0.18738131458574092       -3.3300882128051974        2.8247403916388896      -0.58795435360080539       0.31311792582618403       0.17433417882805571       0.18832545726661684       0.18511988594262821     
  -3.2986722862692996       0.15643446504024741       -3.2986722862692996        2.6836012207361382      -0.57112612470991531       0.27209924778029992       0.14466401605387910       0.15726995418661349       0.15443601788848302     
  -3.2672563597334019       0.12533323356432105       -3.2672563597334019        2.5457177088848182      -0.55694677182814356       0.23164446647392323       0.11472525571846309       0.12607169553463388       0.12356926168015309     
  -3.2358404331975041        9.4108313318531339E-002  -3.2358404331975041        2.4110588498082484      -0.54528020683378786       0.19173957625401727        8.4557826241934281E-002   9.4760226398828279E-002   9.2553171596230582E-002
  -3.2044245066616064        6.2790519529330624E-002  -3.2044245066616064        2.2795936372297509      -0.53599352420986124       0.15237305175155036        5.4201113119695263E-002   6.3365317599393928E-002   6.1421160171979544E-002
  -3.1730085801257086        3.1410759078145743E-002  -3.1730085801257086        2.1512910648726438      -0.52895697044213730       0.11353571670647644        2.3693970308281617E-002   3.1916926815698132E-002   3.0206489923867579E-002
  -3.1415926535898109        1.7641103714087769E-014  -3.1415926535898109        2.0261201264602464      -0.52404391341717060        7.5220615903645038E-002  -6.9252707074873437E-003   4.4516023822746206E-004  -1.0577366870398288E-003
  -3.1101767270539131       -3.1410759078110487E-002  -3.1101767270539131        1.9040498157158785      -0.52113081182033349        3.7422890189391600E-002  -3.7618794039713396E-002  -3.1019765263642671E-002  -3.2338588910965228E-002
  -3.0787608005180154       -6.2790519529295416E-002  -3.0787608005180154        1.7850491263628614      -0.52009718453384313        1.3965453863551414E-004  -6.8349294591593293E-002  -6.2447559464822965E-002  -6.3603320849103681E-002
  -3.0473448739821176       -9.4108313318496228E-002  -3.0473448739821176        1.6690870521245129      -0.52082558003480051       -3.6630120857741810E-002  -9.9079975200241061E-002  -9.3807895603407437E-002  -9.4819385947838883E-002
  -3.0159289474462199      -0.12533323356428602       -3.0159289474462199        1.5561325867241544      -0.52320154579321398       -7.2885726515412030E-002 -0.12977454561076446      -0.12507044669809284      -0.12595445272405012     
  -2.9845130209103221      -0.15643446504021255       -2.9845130209103221        1.4461547238851038      -0.52711359767003740      -0.10862482661924350      -0.16039722316721466      -0.15620492136517478      -0.15697642160374586     
  -2.9530970943744244      -0.18738131458570623       -2.9530970943744244        1.3391224573306815      -0.53245318931519559      -0.14384356905624635      -0.19091273510888682      -0.18718109913441730      -0.18785344276155549     
  -2.9216811678385266      -0.21814324139652411       -2.9216811678385266        1.2350047807842079      -0.53911468156562004      -0.17853669254904742      -0.22128632236339663      -0.21796886526156478      -0.21855393485378610     
  -2.8902652413026289      -0.24868988716483631       -2.8902652413026289        1.1337706879690019      -0.54699531184327976      -0.21269763092008154      -0.25148374473077706      -0.24853824503374364      -0.24904660454259184     
  -2.8588493147667311      -0.27899110603921073       -2.8588493147667311        1.0353891726083835      -0.55599516355321188      -0.24631861451670617      -0.28147128735569266      -0.27885943756265119      -0.27930046671349346     
  -2.8274333882308333      -0.30901699437492891       -2.8274333882308333       0.93982922842567262      -0.56601713548155286      -0.27939076882744512      -0.31121576838766896      -0.30890284905915399      -0.30928486529293775     
  -2.7960174616949356      -0.33873792024527294       -2.7960174616949356       0.84705984914418808      -0.57696691119357224      -0.31190421031956411      -0.34068454773200368      -0.33863912558174297      -0.33896949457684200     
  -2.7646015351590378      -0.36812455268465955       -2.7646015351590378       0.75705002848725123      -0.58875292843170013      -0.34384813952817372      -0.36984553679676280      -0.36803918525021029      -0.36832442098512913     
  -2.7331856086231401      -0.39714789063476230       -2.7331856086231401       0.66976876017817988      -0.60128634851356466      -0.37521093142707834      -0.39866720914399828      -0.39707424991494916      -0.39732010516116828     
  -2.7017696820872423      -0.42577929156505440       -2.7017696820872423       0.58518503794029497      -0.61448102573001684      -0.40598022311155119      -0.42711861195597101      -0.42571587627135116      -0.42592742433871444     
  -2.6703537555513446      -0.45399049973952865       -2.6703537555513446       0.50326785549691566      -0.62825347674316756      -0.43614299882326402      -0.45516937822986109      -0.45393598640801486      -0.45411769490254272     
  -2.6389378290154468      -0.48175367410169728       -2.6389378290154468       0.42398620657136199      -0.64252284998441511      -0.46568567234755176      -0.48278973961702587      -0.48170689777671599      -0.48186269507232454     
  -2.6075219024795491      -0.50904141575035344       -2.6075219024795491       0.34730908488695356      -0.65721089505247998      -0.49459416681323259      -0.50995053982549643      -0.50900135257149071      -0.50913468764258762     
  -2.5761059759436513      -0.53582679497897900       -2.5761059759436513       0.27320548416700952      -0.67224193211143435      -0.52285399192517290      -0.53662324850693810      -0.53579254650359742      -0.53590644271468679     
  -2.5446900494077536      -0.56208337785211315       -2.5446900494077536       0.20164439813485080      -0.68754282128873290      -0.55045031865980842      -0.56277997555185533      -0.56205415695866590      -0.56215126035971807     
  -2.5132741228718558      -0.58778525229245593       -2.5132741228718558       0.13259482051379612      -0.70304293207324764      -0.57736805145382442      -0.58839348571931649      -0.58776037052193109      -0.58784299315416511     
  -2.4818581963359581      -0.61290705365295961       -2.4818581963359581        6.6025745027165073E-002 -0.71867411271329651      -0.60359189791619050      -0.61343721352994218      -0.61288590985711067      -0.61295606853279938     
  -2.4504422698000603      -0.63742398974867309       -2.4504422698000603        1.9061653982777038E-003 -0.73437065961467485      -0.62910643609376038      -0.63788527835335740      -0.63740605992424137      -0.63746551090601000     
  -2.4190263432641625      -0.66131186532363562       -2.4190263432641625       -5.9794924649545944E-002 -0.75006928673868856      -0.65389617932063804      -0.66171249962371703      -0.66129669352158627      -0.66134696349125432     
  -2.3876104167282648      -0.68454710592867263       -2.3876104167282648      -0.11910853139298672      -0.76570909500018491      -0.67794563868151159      -0.68489441211929547      -0.68453429613660099      -0.68457670981075802     
  -2.3561944901923670      -0.70710678118653192       -2.3561944901923670      -0.17606566110872457      -0.78123154166558395      -0.70123938311915701      -0.70740728124448882      -0.70709599009088131      -0.70713169480992677     
  -2.3247785636564693      -0.72896862742139623       -2.3247785636564693      -0.23069732007343990      -0.79658040975091005      -0.72376209721631768      -0.72922811825490574      -0.72895955796401779      -0.72898954555319218     
  -2.2933626371205715      -0.75011106963044472       -2.2933626371205715      -0.28303451456381312      -0.81170177741982341      -0.74549863668216010      -0.75033469536851516      -0.75010346528133420      -0.75012859145617594     
  -2.2619467105846738      -0.77051324277577482       -2.2619467105846738      -0.33310825085652485      -0.82654398738165225      -0.76643408157351134      -0.77070556070808571      -0.77050688245060051      -0.77052788401515271     
  -2.2305307840487760      -0.79015501237567642       -2.2305307840487760      -0.38094953522825459      -0.84105761628942222      -0.78655378728107606      -0.79032005302238439      -0.79014970593297451      -0.79016721599680673     
  -2.1991148575128783      -0.80901699437493391       -2.1991148575128783      -0.42658937395568297      -0.85519544413789084      -0.80584343331084396      -0.80915831613581635      -0.80901257863365239      -0.80902714005323573     
  -2.1676989309769805      -0.82708057427454884       -2.1676989309769805      -0.47005877331549040      -0.86891242366157717      -0.82428906989088291      -0.82720131307835221      -0.82707690949796542      -0.82708898672903319     
  -2.1362830044410828      -0.84432792550200264       -2.1362830044410828      -0.51138873958435727      -0.88216564973279388      -0.84187716243372479      -0.84443083984974432      -0.84432489229898466      -0.84433488182911465     
  -2.1048670779051850      -0.86074202700393165       -2.1048670779051850      -0.55061027903896353      -0.89491432875967813      -0.85859463388454582      -0.86082953877414581      -0.86073952360304906      -0.86074776311771406     
  -2.0734511513692873      -0.87630668004385215       -2.0734511513692873      -0.58775439795599005      -0.90711974808422458      -0.87442890498534587      -0.87638091140333618      -0.87630461990004571      -0.87631139632070754     
  -2.0420352248333895      -0.89100652418835702       -2.0420352248333895      -0.62285210261211676      -0.91874524538031510      -0.88936793248532620      -0.89106933092880736      -0.89100483388570240      -0.89101039040506813     
  -2.0106192982974918      -0.90482705246600925       -2.0106192982974918      -0.65593439928402386      -0.92975617805175115      -0.90340024532767205      -0.90488005406499983      -0.90482566988365243      -0.90483021211089532     
  -1.9792033717615938      -0.91775462568397159       -1.9792033717615938      -0.68703229424839174      -0.94011989263028584      -0.91651497884294253      -0.91779923236797101      -0.91775349839554421      -0.91775719971302927     
  -1.9477874452256958      -0.92977648588824258       -1.9477874452256958      -0.71617679378190102      -0.94980569417365479      -0.92870190697926835      -0.92981392295574283      -0.92977556976802556      -0.92977857599079183     
  -1.9163715186897978      -0.94088076895421735       -1.9163715186897978      -0.74339890416123167      -0.95878481566360740      -0.93995147259956158      -0.94091209859851765      -0.94088002696602435      -0.94088246038590073     
  -1.8849555921538999      -0.95105651629514620       -1.8849555921538999      -0.76872963166306385      -0.96703038740393876      -0.95025481587594274      -0.95108265714886020      -0.95105591744237461      -0.95105788033006244     
  -1.8535396656180019      -0.96029368567693640       -1.8535396656180019      -0.79219998256407820      -0.97451740641852180      -0.95960380081158503      -0.96031543028381705      -0.96029320409447816      -0.96029478172517246     
  -1.8221237390821039      -0.96858316112862519       -1.8221237390821039      -0.81384096314095467      -0.98122270584933735      -0.96799103992017799      -0.96860119153279112      -0.96858277529937431      -0.96858403856044317     
  -1.7907078125462059      -0.97591676193874222       -1.7907078125462059      -0.83368357967037376      -0.98712492435450694      -0.97540991709321889      -0.97593166356682082      -0.97591645401930438      -0.97591746165215931     
  -1.7592918860103079      -0.98228725072868428       -1.7592918860103079      -0.85175883842901567      -0.99220447550632374      -0.98185460868532726      -0.98229952472668125      -0.98228700597056939      -0.98228780649307679     
  -1.7278759594744100      -0.98768834059513400       -1.7278759594744100      -0.86809774569356091      -0.99644351718928426      -0.98732010284779215      -0.98769841476900289      -0.98768814684924588      -0.98768878019980655     
  -1.6964600329385120      -0.99211470131447488       -1.6964600329385120      -0.88273130774068953      -0.99982592099811951      -0.99180221714055072      -0.99212293981131883      -0.99211454860808734      -0.99211504754780122     
  -1.6650441064026140      -0.99556196460307778       -1.6650441064026140      -0.89569053084708183       -1.0023372416358272      -0.99529761445280340      -0.99556867645865910      -0.99556184477973397      -0.99556223608482719     
  -1.6336281798667160      -0.99802672842827012       -1.6336281798667160      -0.90700642128941844       -1.0039646863117029      -0.99780381726246759      -0.99803217509597442      -0.99802663484215792      -0.99802694031504058     
  -1.6022122533308181      -0.99950656036573082       -1.6022122533308181      -0.91670998534437931       -1.0046970841393712      -0.99931922026467235      -0.99951096233231274      -0.99950648762309413      -0.99950672494699888     
  -1.5707963267949201       -1.0000000000000000       -1.5707963267949201      -0.92483222928864495       -1.0045248555348179      -0.99984310139949872       -1.0000035425842861      -0.99999994374105095       -1.0000001272001482     
  -1.5393804002590221      -0.99950656036573227       -1.5393804002590221      -0.93140415939889543       -1.0034399816144208      -0.99937563130916685      -0.99950939878793688      -0.99950651708133198      -0.99950665816548534     
  -1.5079644737231241      -0.99802672842827300       -1.5079644737231241      -0.93645678195181126       -1.0014359735929821      -0.99791788125487402      -0.99802899222966968      -0.99802669530637245      -0.99802680321726434     
  -1.4765485471872262      -0.99556196460308222       -1.4765485471872262      -0.94002110322407273      -0.99850784218175914      -0.99547182952348590      -0.99556376148843251      -0.99556193940055437      -0.99556202147375106     
  -1.4451326206513282      -0.99211470131448076       -1.4451326206513282      -0.94212812949235991      -0.99465206698649622      -0.99204036635428361      -0.99211612048282016      -0.99211468225054622      -0.99211474430615032     
  -1.4137166941154302      -0.98768834059514132       -1.4137166941154302      -0.94280886703335343      -0.98986656590545652      -0.98762729741597111      -0.98768945561823718      -0.98768832626309633      -0.98768837289593736     
  -1.3823007675795322      -0.98228725072869305       -1.3823007675795322      -0.94209432212373345      -0.98415066452745270      -0.98223734586414380      -0.98228812203068405      -0.98228724002309298      -0.98228727484190825     
  -1.3508848410436343      -0.97591676193875243       -1.3508848410436343      -0.94001550104018006      -0.97750506552987915      -0.97587615300942232      -0.97591743892513405      -0.97591675399560052      -0.97591677981933922     
  -1.3194689145077363      -0.96858316112863685       -1.3194689145077363      -0.93660341005937409      -0.96993181807674378      -0.96855027762645574      -0.96858368400784145      -0.96858315527647409      -0.96858317429469865     
  -1.2880529879718383      -0.96029368567694950       -1.2880529879718383      -0.93188905545799527      -0.96143428721669810      -0.96026719393399285      -0.96029408701325414      -0.96029368139704152      -0.96029369530038755     
  -1.2566370614359403      -0.95105651629516075       -1.2566370614359403      -0.92590344351272402      -0.95201712328107047      -0.95103528827623118      -0.95105682232753097      -0.95105651318925100      -0.95105652327502155     
  -1.2252211349000424      -0.94088076895423323       -1.2252211349000424      -0.91867758050024095      -0.94168623128189688      -0.94086385453563970      -0.94088100071192793      -0.94088076671855436      -0.94088077397575431     
  -1.1938052083641444      -0.92977648588825990       -1.1938052083641444      -0.91024247269722602      -0.93044874030995195      -0.92976308830746224      -0.92977666013058291      -0.92977648429270077      -0.92977648947015124     
  -1.1623892818282464      -0.91775462568399024       -1.1623892818282464      -0.90062912638035986      -0.91831297293278169      -0.91774407986610518      -0.91775475568844622      -0.91775462455549173      -0.91775462821608611     
  -1.1309733552923484      -0.90482705246602924       -1.1309733552923484      -0.88986854782632241      -0.90528841459273346      -0.90481880595360731      -0.90482714868629199      -0.90482705167542410      -0.90482705423909160     
  -1.0995574287564505      -0.89100652418837822       -1.0995574287564505      -0.87799174331179419      -0.89138568300498888      -0.89100012042040255      -0.89100659480092004      -0.89100652364003030      -0.89100652541754732     
  -1.0681415022205525      -0.87630668004387458       -1.0681415022205525      -0.86502971911345550      -0.87661649755559479      -0.87630174374857084      -0.87630673139977400      -0.87630667966757148      -0.87630668088699659     
  -1.0367255756846545      -0.86074202700395519       -1.0367255756846545      -0.85101348150798650      -0.86099364869949435      -0.86073825148778438      -0.86074206400031950      -0.86074202674860889      -0.86074202757580864     
  -1.0053096491487565      -0.84432792550202718       -1.0053096491487565      -0.83597403677206761      -0.84453096735855959      -0.84432506163415266      -0.84432795188559273      -0.84432792533081669      -0.84432792588528782     
 -0.97389372261285856      -0.82708057427457460      -0.97389372261285856      -0.81994239118237910      -0.82724329431962185      -0.82707842098216566      -0.82708059288836977      -0.82708057416122738      -0.82708057452819794     
 -0.94247779607696058      -0.80901699437496066      -0.94247779607696058      -0.80294955101560139      -0.80914644963250404      -0.80901539047994153      -0.80901700735742765      -0.80901699430093033      -0.80901699454054066     
 -0.91106186954106261      -0.79015501237570418      -0.91106186954106261      -0.78502652254841454      -0.79025720200805183      -0.79015382961798031      -0.79015502132034865      -0.79015501232804719      -0.79015501248225384     
 -0.87964594300516463      -0.77051324277580358      -0.87964594300516463      -0.76620431205749895      -0.77059323821616510      -0.77051237988162602      -0.77051324885826933      -0.77051324274559541      -0.77051324284331546     
 -0.84823001646926666      -0.75011106963047436      -0.84823001646926666      -0.74651392581953502      -0.75017313248382989      -0.75011044729744258      -0.75011107370890895      -0.75011106961164176      -0.75011106967254748     
 -0.81681408993336868      -0.72896862742142687      -0.81681408993336868      -0.72598637011120293      -0.72901631589314952      -0.72896818410370234      -0.72896863011509594      -0.72896862740989388      -0.72896862744718305     
 -0.78539816339747071      -0.70710678118656334      -0.78539816339747071      -0.70465265120918297      -0.70714304577937603      -0.70710646957519385      -0.70710678293688289      -0.70710678117963521      -0.70710678120203008     
 -0.75398223686157273      -0.68454710592870494      -0.75398223686157273      -0.68254377539015554      -0.68457437512894226      -0.68454689003255076      -0.68454710704617339      -0.68454710592462886      -0.68454710593780155     
 -0.72256631032567475      -0.66131186532366859      -0.72256631032567475      -0.65969074893080093      -0.66133212197749280      -0.66131171806630362      -0.66131186602358594      -0.66131186532132413      -0.66131186532889930     
 -0.69115038378977678      -0.63742398974870684      -0.69115038378977678      -0.63612457810779932      -0.63743883880791563      -0.63742389100585850      -0.63742399017805873      -0.63742398974739101      -0.63742398975164138     
 -0.65973445725387880      -0.61290705365299403      -0.65973445725387880      -0.61187626919783122      -0.61291778194837410      -0.61290698866360627      -0.61290705391044487      -0.61290705365227527      -0.61290705365459686     
 -0.62831853071798083      -0.58778525229249112      -0.62831853071798083      -0.58697682847757671      -0.58779288097033755      -0.58778521038436227      -0.58778525244305624      -0.58778525229210976      -0.58778525229334089     
 -0.59690260418208285      -0.56208337785214890      -0.59690260418208285      -0.56145726222371617      -0.56208870808661393      -0.56208335143034449      -0.56208337793781149      -0.56208337785195317      -0.56208337785258522     
 -0.56548667764618488      -0.53582679497901531      -0.56548667764618488      -0.53534857671292990      -0.53583044754938025      -0.53582677873188711      -0.53582679502628694      -0.53582679497891839      -0.53582679497923136     
 -0.53407075111028690      -0.50904141575039030      -0.53407075111028690      -0.50868177822189831      -0.50904386504821519      -0.50904140603409787      -0.50904141577560413      -0.50904141575034423      -0.50904141575049311     
 -0.50265482457438893      -0.48175367410173459      -0.50265482457438893      -0.48148787302730145      -0.48175527710812938      -0.48175366846965745      -0.48175367411467979      -0.48175367410171360      -0.48175367410178127     
 -0.47123889803849101      -0.45399049973956640      -0.47123889803849101      -0.45379786740581990      -0.45399152048759811      -0.45399049658796869      -0.45399049974593253      -0.45399049973955730      -0.45399049973958655     
 -0.43982297150259309      -0.42577929156509259      -0.43982297150259309      -0.42564276763413383      -0.42577992157659217      -0.42577928987085356      -0.42577929156807359      -0.42577929156508887      -0.42577929156510080     
 -0.40840704496669517      -0.39714789063480083      -0.40840704496669517      -0.39705357998892354      -0.39714826579460938      -0.39714788976500431      -0.39714789063612033      -0.39714789063479944      -0.39714789063480399     
 -0.37699111843079725      -0.36812455268469846      -0.37699111843079725      -0.36806131074686932      -0.36812476698870639      -0.36812455226139085      -0.36812455268524558      -0.36812455268469796      -0.36812455268469957     
 -0.34557519189489933      -0.33873792024531213      -0.34557519189489933      -0.33869696618465150      -0.33873803683153014      -0.33873792005182657      -0.33873792024552229      -0.33873792024531202      -0.33873792024531252     
 -0.31415926535900141      -0.30901699437496843      -0.31415926535900141      -0.30899155257895033      -0.30901705421934911      -0.30901699429289620      -0.30901699437504210      -0.30901699437496838      -0.30901699437496855     
 -0.28274333882310348      -0.27899110603925048      -0.28274333882310348      -0.27897607620644616      -0.27899113467008524      -0.27899110600744859      -0.27899110603927357      -0.27899110603925042      -0.27899110603925048     
 -0.25132741228720556      -0.24868988716487619      -0.25132741228720556      -0.24868154334381928      -0.24868989972134517      -0.24868988715385712      -0.24868988716488255      -0.24868988716487622      -0.24868988716487622     
 -0.21991148575130764      -0.21814324139656413      -0.21991148575130764      -0.21813896026774998      -0.21814324632845181      -0.21814324139325073      -0.21814324139656560      -0.21814324139656413      -0.21814324139656413     
 -0.18849555921540972      -0.18738131458574636      -0.18849555921540972      -0.18737933325491854      -0.18738131626247595      -0.18738131458491880      -0.18738131458574664      -0.18738131458574636      -0.18738131458574636     
 -0.15707963267951180      -0.15643446504025274      -0.15707963267951180      -0.15643366858200528      -0.15643446550826773      -0.15643446504009231      -0.15643446504025277      -0.15643446504025274      -0.15643446504025274     
 -0.12566370614361388      -0.12533323356432621      -0.12566370614361388      -0.12533297252569051      -0.12533323366248819      -0.12533323356430470      -0.12533323356432624      -0.12533323356432624      -0.12533323356432624     
  -9.4247779607715951E-002  -9.4108313318536377E-002  -9.4247779607715951E-002  -9.4108251362654508E-002  -9.4108313331640672E-002  -9.4108313318534753E-002  -9.4108313318536377E-002  -9.4108313318536377E-002  -9.4108313318536377E-002
  -6.2831853071818017E-002  -6.2790519529335481E-002  -6.2831853071818017E-002  -6.2790511369577570E-002  -6.2790519530102493E-002  -6.2790519529335440E-002  -6.2790519529335481E-002  -6.2790519529335481E-002  -6.2790519529335481E-002
  -3.1415926535920083E-002  -3.1410759078150434E-002  -3.1415926535920083E-002  -3.1410758823140025E-002  -3.1410759078156429E-002  -3.1410759078150434E-002  -3.1410759078150434E-002  -3.1410759078150434E-002  -3.1410759078150434E-002
  -2.2148949341271873E-014  -2.2148949341271873E-014  -2.2148949341271873E-014  -2.2148949341271873E-014  -2.2148949341271873E-014  -2.2148949341271873E-014  -2.2148949341271873E-014  -2.2148949341271873E-014  -2.2148949341271873E-014
   3.1415926535875785E-002   3.1410759078106157E-002   3.1415926535875785E-002   3.1410758823095748E-002   3.1410759078112152E-002   3.1410759078106157E-002   3.1410759078106157E-002   3.1410759078106157E-002   3.1410759078106157E-002
   6.2831853071773719E-002   6.2790519529291280E-002   6.2831853071773719E-002   6.2790511369533369E-002   6.2790519530058292E-002   6.2790519529291239E-002   6.2790519529291280E-002   6.2790519529291280E-002   6.2790519529291280E-002
   9.4247779607671653E-002   9.4108313318492273E-002   9.4247779607671653E-002   9.4108251362610404E-002   9.4108313331596569E-002   9.4108313318490650E-002   9.4108313318492273E-002   9.4108313318492273E-002   9.4108313318492273E-002
  0.12566370614356959       0.12533323356428228       0.12566370614356959       0.12533297252564657       0.12533323366244425       0.12533323356426077       0.12533323356428230       0.12533323356428230       0.12533323356428230     
  0.15707963267946751       0.15643446504020900       0.15707963267946751       0.15643366858196153       0.15643446550822399       0.15643446504004857       0.15643446504020903       0.15643446504020900       0.15643446504020900     
  0.18849555921536543       0.18738131458570287       0.18849555921536543       0.18737933325487502       0.18738131626243243       0.18738131458487528       0.18738131458570312       0.18738131458570284       0.18738131458570284     
  0.21991148575126335       0.21814324139652091       0.21991148575126335       0.21813896026770674       0.21814324632840856       0.21814324139320748       0.21814324139652236       0.21814324139652089       0.21814324139652089     
  0.25132741228716127       0.24868988716483328       0.25132741228716127       0.24868154334377637       0.24868989972130223       0.24868988715381418       0.24868988716483961       0.24868988716483328       0.24868988716483328     
  0.28274333882305919       0.27899110603920790       0.28274333882305919       0.27897607620640363       0.27899113467004272       0.27899110600740606       0.27899110603923105       0.27899110603920790       0.27899110603920796     
  0.31415926535895711       0.30901699437492630       0.31415926535895711       0.30899155257890826       0.30901705421930703       0.30901699429285412       0.30901699437500002       0.30901699437492630       0.30901699437492647     
  0.34557519189485503       0.33873792024527044       0.34557519189485503       0.33869696618460987       0.33873803683148851       0.33873792005178494       0.33873792024548066       0.33873792024527039       0.33873792024527088     
  0.37699111843075295       0.36812455268465727       0.37699111843075295       0.36806131074682819       0.36812476698866525       0.36812455226134971       0.36812455268520444       0.36812455268465683       0.36812455268465843     
  0.40840704496665087       0.39714789063476019       0.40840704496665087       0.39705357998888297       0.39714826579456874       0.39714788976496368       0.39714789063607969       0.39714789063475880       0.39714789063476336     
  0.43982297150254879       0.42577929156505251       0.43982297150254879       0.42564276763409381       0.42577992157655209       0.42577928987081348       0.42577929156803351       0.42577929156504879       0.42577929156506072     
  0.47123889803844671       0.45399049973952693       0.47123889803844671       0.45379786740578054       0.45399152048755870       0.45399049658792928       0.45399049974589312       0.45399049973951788       0.45399049973954714     
  0.50265482457434463       0.48175367410169573       0.50265482457434463       0.48148787302726276       0.48175527710809052       0.48175366846961859       0.48175367411464093       0.48175367410167474       0.48175367410174241     
  0.53407075111024260       0.50904141575035211       0.53407075111024260       0.50868177822186023       0.50904386504817700       0.50904140603405967       0.50904141577556594       0.50904141575030604       0.50904141575045492     
  0.56548667764614058       0.53582679497897789       0.56548667764614058       0.53534857671289271       0.53583044754934295       0.53582677873184981       0.53582679502624964       0.53582679497888108       0.53582679497919405     
  0.59690260418203855       0.56208337785211226       0.59690260418203855       0.56145726222367975       0.56208870808657729       0.56208335143030785       0.56208337793777485       0.56208337785191653       0.56208337785254858     
  0.62831853071793653       0.58778525229245526       0.62831853071793653       0.58697682847754118       0.58779288097030180       0.58778521038432652       0.58778525244302049       0.58778525229207401       0.58778525229330514     
  0.65973445725383451       0.61290705365295906       0.65973445725383451       0.61187626919779659       0.61291778194833912       0.61290698866357129       0.61290705391040989       0.61290705365224030       0.61290705365456188     
  0.69115038378973248       0.63742398974867276       0.69115038378973248       0.63612457810776568       0.63743883880788155       0.63742389100582442       0.63742399017802465       0.63742398974735692       0.63742398975160730     
  0.72256631032563046       0.66131186532363539       0.72256631032563046       0.65969074893076818       0.66133212197745961       0.66131171806627043       0.66131186602355274       0.66131186532129094       0.66131186532886610     
  0.75398223686152843       0.68454710592867263       0.75398223686152843       0.68254377539012390       0.68457437512891006       0.68454689003251856       0.68454710704614119       0.68454710592459667       0.68454710593776935     
  0.78539816339742641       0.70710678118653203       0.78539816339742641       0.70465265120915244       0.70714304577934484       0.70710646957516265       0.70710678293685170       0.70710678117960402       0.70710678120199888     
  0.81681408993332438       0.72896862742139645       0.81681408993332438       0.72598637011117340       0.72901631589311922       0.72896818410367203       0.72896863011506563       0.72896862740986357       0.72896862744715274     
  0.84823001646922236       0.75011106963044505       0.84823001646922236       0.74651392581950660       0.75017313248380058       0.75011044729741339       0.75011107370887975       0.75011106961161256       0.75011106967251828     
  0.87964594300512033       0.77051324277577526       0.87964594300512033       0.76620431205747186       0.77059323821613690       0.77051237988159793       0.77051324885824124       0.77051324274556732       0.77051324284328737     
  0.91106186954101831       0.79015501237567698       0.91106186954101831       0.78502652254838856       0.79025720200802452       0.79015382961795300       0.79015502132032134       0.79015501232801988       0.79015501248222653     
  0.94247779607691629       0.80901699437493468       0.94247779607691629       0.80294955101557675       0.80914644963247795       0.80901539047991555       0.80901700735740167       0.80901699430090435       0.80901699454051468     
  0.97389372261281426       0.82708057427454962       0.97389372261281426       0.81994239118235590       0.82724329431959698       0.82707842098214090       0.82708059288834490       0.82708057416120251       0.82708057452817307     
   1.0053096491487121       0.84432792550200342        1.0053096491487121       0.83597403677204563       0.84453096735853572       0.84432506163412890       0.84432795188556897       0.84432792533079293       0.84432792588526406     
   1.0367255756846101       0.86074202700393254        1.0367255756846101       0.85101348150796596       0.86099364869947170       0.86073825148776173       0.86074206400029685       0.86074202674858624       0.86074202757578600     
   1.0681415022205081       0.87630668004385315        1.0681415022205081       0.86502971911343640       0.87661649755557325       0.87630174374854930       0.87630673139975246       0.87630667966754994       0.87630668088697505     
   1.0995574287564061       0.89100652418835802        1.0995574287564061       0.87799174331177665       0.89138568300496868       0.89100012042038246       0.89100659480089994       0.89100652364001021       0.89100652541752723     
   1.1309733552923040       0.90482705246601036        1.1309733552923040       0.88986854782630642       0.90528841459271436       0.90481880595358832       0.90482714868627301       0.90482705167540511       0.90482705423907261     
   1.1623892818282020       0.91775462568397259        1.1623892818282020       0.90062912638034542       0.91831297293276393       0.91774407986608753       0.91775475568842857       0.91775462455547407       0.91775462821606846     
   1.1938052083641000       0.92977648588824346        1.1938052083641000       0.91024247269721337       0.93044874030993552       0.92976308830744603       0.92977666013056670       0.92977648429268456       0.92977648947013503     
   1.2252211348999980       0.94088076895421824        1.2252211348999980       0.91867758050022985       0.94168623128188156       0.94086385453562460       0.94088100071191283       0.94088076671853926       0.94088077397573922     
   1.2566370614358959       0.95105651629514698        1.2566370614358959       0.92590344351271470       0.95201712328105648       0.95103528827621742       0.95105682232751720       0.95105651318923723       0.95105652327500778     
   1.2880529879717939       0.96029368567693707        1.2880529879717939       0.93188905545798750       0.96143428721668522       0.96026719393398030       0.96029408701324159       0.96029368139702898       0.96029369530037501     
   1.3194689145076919       0.96858316112862586        1.3194689145076919       0.93660341005936831       0.96993181807673234       0.96855027762644463       0.96858368400783035       0.96858315527646299       0.96858317429468754     
   1.3508848410435899       0.97591676193874277        1.3508848410435899       0.94001550104017628       0.97750506552986915       0.97587615300941266       0.97591743892512439       0.97591675399559086       0.97591677981932956     
   1.3823007675794878       0.98228725072868472        1.3823007675794878       0.94209432212373145       0.98415066452744393       0.98223734586413547       0.98228812203067573       0.98228724002308465       0.98228727484189993     
   1.4137166941153858       0.98768834059513444        1.4137166941153858       0.94280886703335343       0.98986656590544908       0.98762729741596422       0.98768945561823029       0.98768832626308944       0.98768837289593048     
   1.4451326206512838       0.99211470131447521        1.4451326206512838       0.94212812949236191       0.99465206698649011       0.99204036635427806       0.99211612048281461       0.99211468225054067       0.99211474430614477     
   1.4765485471871818       0.99556196460307800        1.4765485471871818       0.94002110322407673       0.99850784218175437       0.99547182952348179       0.99556376148842829       0.99556193940055016       0.99556202147374684     
   1.5079644737230797       0.99802672842827023        1.5079644737230797       0.93645678195181736        1.0014359735929785       0.99791788125487124       0.99802899222966679       0.99802669530636956       0.99802680321726145     
   1.5393804002589777       0.99950656036573093        1.5393804002589777       0.93140415939890364        1.0034399816144186       0.99937563130916540       0.99950939878793532       0.99950651708133043       0.99950665816548379     
   1.5707963267948757        1.0000000000000000        1.5707963267948757       0.92483222928865527        1.0045248555348170       0.99984310139949872        1.0000035425842861       0.99999994374105095        1.0000001272001482     
   1.6022122533307737       0.99950656036573227        1.6022122533307737       0.91670998534439196        1.0046970841393716       0.99931922026467379       0.99951096233231407       0.99950648762309546       0.99950672494700021     
   1.6336281798666716       0.99802672842827289        1.6336281798666716       0.90700642128943321        1.0039646863117047       0.99780381726247058       0.99803217509597730       0.99802663484216081       0.99802694031504346     
   1.6650441064025696       0.99556196460308199        1.6650441064025696       0.89569053084709904        1.0023372416358303       0.99529761445280773       0.99556867645866343       0.99556184477973830       0.99556223608483152     
   1.6964600329384676       0.99211470131448043        1.6964600329384676       0.88273130774070896       0.99982592099812362       0.99180221714055627       0.99212293981132427       0.99211454860809278       0.99211504754780666     
   1.7278759594743656       0.98768834059514099        1.7278759594743656       0.86809774569358278       0.99644351718928958       0.98732010284779914       0.98769841476900977       0.98768814684925277       0.98768878019981343     
   1.7592918860102635       0.98228725072869261        1.7592918860102635       0.85175883842904010       0.99220447550633040       0.98185460868533569       0.98229952472668958       0.98228700597057772       0.98228780649308511     
   1.7907078125461615       0.97591676193875188        1.7907078125461615       0.83368357967040052       0.98712492435451471       0.97540991709322866       0.97593166356683048       0.97591645401931404       0.97591746165216897     
   1.8221237390820595       0.96858316112863618        1.8221237390820595       0.81384096314098398       0.98122270584934623       0.96799103992018920       0.96860119153280222       0.96858277529938541       0.96858403856045427     
   1.8535396656179575       0.96029368567694884        1.8535396656179575       0.79219998256410995       0.97451740641853180       0.95960380081159746       0.96031543028382926       0.96029320409449037       0.96029478172518468     
   1.8849555921538554       0.95105651629515986        1.8849555921538554       0.76872963166309827       0.96703038740394986       0.95025481587595662       0.95108265714887397       0.95105591744238838       0.95105788033007621     
   1.9163715186897534       0.94088076895423245        1.9163715186897534       0.74339890416126875       0.95878481566361951       0.93995147259957679       0.94091209859853264       0.94088002696603934       0.94088246038591572     
   1.9477874452256514       0.92977648588825890        1.9477874452256514       0.71617679378194077       0.94980569417366789       0.92870190697928479       0.92981392295575904       0.92977556976804177       0.92977857599080804     
   1.9792033717615494       0.91775462568398924        1.9792033717615494       0.68703229424843437       0.94011989263030005       0.91651497884296051       0.91779923236798877       0.91775349839556208       0.91775719971304714     
   2.0106192982974473       0.90482705246602824        2.0106192982974473       0.65593439928406916       0.92975617805176625       0.90340024532769125       0.90488005406501870       0.90482566988367130       0.90483021211091419     
   2.0420352248333451       0.89100652418837711        2.0420352248333451       0.62285210261216495       0.91874524538033109       0.88936793248534662       0.89106933092882745       0.89100483388572249       0.89101039040508823     
   2.0734511513692429       0.87630668004387358        2.0734511513692429       0.58775439795604112       0.90711974808424145       0.87442890498536763       0.87638091140335761       0.87630461990006714       0.87631139632072896     
   2.1048670779051406       0.86074202700395430        2.1048670779051406       0.55061027903901771       0.89491432875969601       0.85859463388456903       0.86082953877416868       0.86073952360307204       0.86074776311773704     
   2.1362830044410384       0.84432792550202640        2.1362830044410384       0.51138873958441433       0.88216564973281231       0.84187716243374910       0.84443083984976819       0.84432489229900853       0.84433488182913852     
   2.1676989309769361       0.82708057427457371        2.1676989309769361       0.47005877331555035       0.86891242366159627       0.82428906989090833       0.82720131307837708       0.82707690949799040       0.82708898672905817     
   2.1991148575128339       0.80901699437496000        2.1991148575128339       0.42658937395574603       0.85519544413791060       0.80584343331087060       0.80915831613584233       0.80901257863367837       0.80902714005326171     
   2.2305307840487316       0.79015501237570362        2.2305307840487316       0.38094953522832053       0.84105761628944242       0.78655378728110381       0.79032005302241148       0.79014970593300171       0.79016721599683393     
   2.2619467105846294       0.77051324277580313        2.2619467105846294       0.33310825085659368       0.82654398738167267       0.76643408157354009       0.77070556070811369       0.77050688245062859       0.77052788401518080     
   2.2933626371205271       0.75011106963047414        2.2933626371205271       0.28303451456388551       0.81170177741984462       0.74549863668219030       0.75033469536854447       0.75010346528136351       0.75012859145620525     
   2.3247785636564249       0.72896862742142665        2.3247785636564249       0.23069732007351584       0.79658040975093181       0.72376209721634910       0.72922811825493616       0.72895955796404821       0.72898954555322260     
   2.3561944901923226       0.70710678118656334        2.3561944901923226       0.17606566110880317       0.78123154166560549       0.70123938311918910       0.70740728124451979       0.70709599009091240       0.70713169480995786     
   2.3876104167282204       0.68454710592870505        2.3876104167282204       0.11910853139306887       0.76570909500020690       0.67794563868154500       0.68489441211932778       0.68453429613663341       0.68457670981079044     
   2.4190263432641181       0.66131186532366892        2.4190263432641181        5.9794924649631209E-002  0.75006928673871043       0.65389617932067234       0.66171249962375001       0.66129669352161935       0.66134696349128741     
   2.4504422698000159       0.63742398974870729        2.4504422698000159       -1.9061653981888860E-003  0.73437065961469705       0.62910643609379591       0.63788527835339148       0.63740605992427546       0.63746551090604409     
   2.4818581963359136       0.61290705365299469        2.4818581963359136       -6.6025745027072702E-002  0.71867411271331860       0.60359189791622703       0.61343721352997715       0.61288590985714575       0.61295606853283446     
   2.5132741228718114       0.58778525229249190        2.5132741228718114      -0.13259482051370020       0.70304293207326984       0.57736805145386216       0.58839348571935246       0.58776037052196717       0.58784299315420119     
   2.5446900494077092       0.56208337785214990        2.5446900494077092      -0.20164439813475132       0.68754282128875488       0.55045031865984717       0.56277997555189208       0.56205415695870287       0.56215126035975505     
   2.5761059759436069       0.53582679497901653        2.5761059759436069      -0.27320548416690693       0.67224193211145544       0.52285399192521209       0.53662324850697518       0.53579254650363473       0.53590644271472410     
   2.6075219024795047       0.50904141575039175        2.6075219024795047      -0.34730908488684697       0.65721089505250108       0.49459416681327306       0.50995053982553451       0.50900135257152901       0.50913468764262593     
   2.6389378290154024       0.48175367410173620        2.6389378290154024      -0.42398620657125186       0.64252284998443554       0.46568567234759306       0.48278973961706462       0.48170689777675491       0.48186269507236340     
   2.6703537555513002       0.45399049973956823        2.6703537555513002      -0.50326785549680153       0.62825347674318732       0.43614299882330620       0.45516937822990045       0.45393598640805444       0.45411769490258230     
   2.7017696820871979       0.42577929156509459        2.7017696820871979      -0.58518503794017684       0.61448102573003638       0.40598022311159476       0.42711861195601147       0.42571587627139190       0.42592742433875519     
   2.7331856086230957       0.39714789063480305        2.7331856086230957      -0.66976876017805864       0.60128634851358265       0.37521093142712203       0.39866720914403858       0.39707424991498974       0.39732010516120880     
   2.7646015351589934       0.36812455268470085        2.7646015351589934      -0.75705002848712555       0.58875292843171767       0.34384813952821880       0.36984553679680410       0.36803918525025187       0.36832442098517065     
   2.7960174616948912       0.33873792024531468        2.7960174616948912      -0.84705984914405930       0.57696691119358778       0.31190421031960913       0.34068454773204460       0.33863912558178427       0.33896949457688319     
   2.8274333882307889       0.30901699437497115        2.8274333882307889      -0.93982922842553940       0.56601713548156773       0.27939076882749153       0.31121576838771087       0.30890284905919629       0.30928486529297999     
   2.8588493147666867       0.27899110603925342        2.8588493147666867       -1.0353891726082463       0.55599516355322542       0.24631861451675341       0.28147128735573501       0.27885943756269399       0.27930046671353614     
   2.8902652413025844       0.24868988716487933        2.8902652413025844       -1.1337706879688607       0.54699531184329198       0.21269763092012972       0.25148374473081986       0.24853824503378694       0.24904660454263505     
   2.9216811678384822       0.21814324139656743        2.9216811678384822       -1.2350047807840623       0.53911468156563069       0.17853669254909649       0.22128632236343984       0.21796886526160855       0.21855393485382976     
   2.9530970943743799       0.18738131458574986        2.9530970943743799       -1.3391224573305323       0.53245318931520424       0.14384356905629586       0.19091273510892998       0.18718109913446110       0.18785344276159915     
   2.9845130209102777       0.15643446504025640        2.9845130209102777       -1.4461547238849501       0.52711359767004407       0.10862482661929374       0.16039722316725796       0.15620492136521877       0.15697642160378969     
   3.0159289474461755       0.12533323356433007        3.0159289474461755       -1.5561325867239963       0.52320154579321887        7.2885726515463378E-002  0.12977454561080826       0.12507044669813741       0.12595445272409453     
   3.0473448739820732        9.4108313318540429E-002   3.0473448739820732       -1.6690870521243513       0.52082558003480273        3.6630120857793491E-002   9.9079975200284554E-002   9.3807895603451763E-002   9.4819385947883014E-002
   3.0787608005179710        6.2790519529339742E-002   3.0787608005179710       -1.7850491263626953       0.52009718453384313       -1.3965453858288956E-004   6.8349294591637022E-002   6.2447559464867630E-002   6.3603320849148132E-002
   3.1101767270538687        3.1410759078154875E-002   3.1101767270538687       -1.9040498157157080       0.52113081182033039       -3.7422890189338864E-002   3.7618794039756487E-002   3.1019765263686799E-002   3.2338588911009110E-002
   3.1415926535897665        2.6767817270918492E-014   3.1415926535897665       -2.0261201264600714       0.52404391341716527       -7.5220615903590970E-002   6.9252707075309616E-003  -4.4516023818269752E-004   1.0577366870843171E-003
   3.1730085801256642       -3.1410759078101355E-002   3.1730085801256642       -2.1512910648724644       0.52895697044212886      -0.11353571670642204       -2.3693970308238541E-002  -3.1916926815653786E-002  -3.0206489923823545E-002
   3.2044245066615620       -6.2790519529286298E-002   3.2044245066615620       -2.2795936372295680       0.53599352420984925      -0.15237305175149563       -5.4201113119652755E-002  -6.3365317599350018E-002  -6.1421160171935982E-002
   3.2358404331974597       -9.4108313318487138E-002   3.2358404331974597       -2.4110588498080610       0.54528020683377187      -0.19173957625396243       -8.4557826241892675E-002  -9.4760226398785147E-002  -9.2553171596187839E-002
   3.2672563597333575      -0.12533323356427700        3.2672563597333575       -2.5457177088846255       0.55694677182812580      -0.23164446647386583      -0.11472525571842000      -0.12607169553458908      -0.12356926168010873     
   3.2986722862692552      -0.15643446504020356        3.2986722862692552       -2.6836012207359410       0.57112612470989355      -0.27209924778024230      -0.14466401605383694      -0.15726995418656947      -0.15443601788843950     
   3.3300882128051530      -0.18738131458569729        3.3300882128051530       -2.8247403916386871       0.58795435360078052      -0.31311792582612474      -0.17433417882801308      -0.18832545726657215      -0.18511988594258408     
   3.3615041393410507      -0.21814324139651523        3.3615041393410507       -2.9691662278695468       0.60757075982917863      -0.35471712086465823      -0.20369525886201945      -0.21920892482739598      -0.21558717618624323     
   3.3929200658769485      -0.24868988716482748        3.3929200658769485       -3.1169097357051969       0.63011788853214590      -0.39691620523650406      -0.23270619780327501      -0.24989138202139910      -0.24580406788546325     
   3.4243359924128463      -0.27899110603920202        3.4243359924128463       -3.2680019214223206       0.65574155925735944      -0.43973744405878534      -0.26132534499425930      -0.28034419962505897      -0.27573661129999927     
   3.4557519189487440      -0.30901699437492025        3.4557519189487440       -3.4224737912975955       0.68459089656509864      -0.48320613914571275      -0.28951043548586952      -0.31053913514831533      -0.30535072735501612     
   3.4871678454846418      -0.33873792024526433        3.4871678454846418       -3.5803563516077039       0.71681836063020121      -0.52735077619115622      -0.31721856505343915      -0.34044837455047061      -0.33461220473415082     
   3.5185837720205395      -0.36812455268465111        3.5185837720205395       -3.7416806086293253       0.75257977784404329      -0.57220317524331121      -0.34440616207009667      -0.37004457458726259      -0.36348669420633606     
   3.5499996985564373      -0.39714789063475392        3.5499996985564373       -3.9064775686391409       0.79203437141649591      -0.61779864450171162      -0.37102895608900022      -0.39930090581693262      -0.39193969998998462     
   3.5814156250923350      -0.42577929156504618        3.5814156250923350       -4.0747782379138302       0.83534479197790557      -0.66417613746674387      -0.39704194298260426      -0.42819109629625957      -0.41993656794871725     
   3.6128315516282328      -0.45399049973952055        3.6128315516282328       -4.2466136227300737       0.88267714818105247      -0.71137841347191166      -0.42239934648390276      -0.45668947600102572      -0.44744247040316082     
   3.6442474781641305      -0.48175367410168934        3.6442474781641305       -4.4220147293645518       0.93420103730312665      -0.75945220162901395      -0.44705457597116655      -0.48477102200884492      -0.47442238733305947     
   3.6756634047000283      -0.50904141575034567        3.6756634047000283       -4.6010125640939439       0.99008957584769242      -0.80844836821647048      -0.47096018033439724      -0.51241140448606237      -0.50084108373334157     
   3.7070793312359260      -0.53582679497897134        3.7070793312359260       -4.7836381331949305        1.0505194301466556      -0.85842208754097826      -0.49406779775826865      -0.53958703352425097      -0.52666308287657826     
   3.7384952577718238      -0.56208337785210571        3.7384952577718238       -4.9699224429441937        1.1156708469622334      -0.90943301630271067      -0.51632810125292961      -0.56627510687589111      -0.55185263522263850     
   3.7699111843077215      -0.58778525229244860        3.7699111843077215       -5.1598964996184105        1.1857276840889304      -0.96154547149424774      -0.53769073976055914      -0.59245365864299060      -0.57637368270412359     
   3.8013271108436193      -0.61290705365295239        3.8013271108436193       -5.3535913094942646        1.2608774409554906       -1.0148286118634817      -0.55810427466213319      -0.61810160897682720      -0.60018981810348737     
   3.8327430373795170      -0.63742398974866610        3.8327430373795170       -5.5510378788484349        1.3413112892268808       -1.0693566229706364      -0.57751611150524007      -0.64319881485142905      -0.62326423922432816     
   3.8641589639154148      -0.66131186532362873        3.8641589639154148       -5.7522672139576017        1.4272241034062541       -1.1252089058696590      -0.59587242677035313      -0.66772612197824466      -0.64555969754555464     
   3.8955748904513126      -0.68454710592866608        3.8955748904513126       -5.9573103210984453        1.5188144914369159       -1.1824702694441669      -0.61311808948931745      -0.69166541793427860      -0.66703844103254106     
   3.9269908169872103      -0.70710678118652548        3.9269908169872103       -6.1661982065476462        1.6162848253042945       -1.2412311264281439      -0.62919657752621083      -0.71499968658105684      -0.68766215076423320     
   3.9584067435231081      -0.72896862742139001        3.9584067435231081       -6.3789618765818847        1.7198412716379110       -1.3015876931416011      -0.64404988832712495      -0.73771306385707869      -0.70739187101937573     
   3.9898226700590058      -0.75011106963043872        3.9898226700590058       -6.5956323374778396        1.8296938223133488       -1.3636421929713980      -0.65761844394172475      -0.75979089503185027      -0.72618793244850233     
   4.0212385965949036      -0.77051324277576894        4.0212385965949036       -6.8162405955121947        1.9460563250542098       -1.4275030636274471      -0.66984099011577780      -0.78121979351527748      -0.74400986794113866     
   4.0526545231308013      -0.79015501237567076        4.0526545231308013       -7.0408176569616252        2.0691465140341059       -1.4932851682044515      -0.68065448925004179      -0.80198770132197095      -0.76081632077963635     
   4.0840704496666991      -0.80901699437492858        4.0840704496666991       -7.2693945281028185        2.1991860404786010       -1.5611100100794637      -0.68999400701728697      -0.82208395129621481      -0.77656494465247283     
   4.1154863762025968      -0.82708057427454362        4.1154863762025968       -7.5020022152124479        2.3364005032672051       -1.6311059516753668      -0.69779259242524894      -0.84149933120941389      -0.79121229508014157     
   4.1469023027384946      -0.84432792550199764        4.1469023027384946       -7.7386717245671939        2.4810194795353269       -1.7034084371205793      -0.70398115110970194      -0.86022614984851442      -0.80471371178662987     
   4.1783182292743923      -0.86074202700392699        4.1783182292743923       -7.9794340624437421        2.6332765552762361       -1.7781602188351258      -0.70848831163782888      -0.87825830522040604      -0.81702319152812097     
   4.2097341558102901      -0.87630668004384771        4.2097341558102901       -8.2243202351187730        2.7934093559430480       -1.8555115880732735      -0.71124028459825395      -0.89559135500427622      -0.82809325086855479     
   4.2411500823461878      -0.89100652418835291        4.2411500823461878       -8.4733612488689598        2.9616595770506944       -1.9356206094529718      -0.71216071425023197      -0.91222258939104095      -0.83787477836873536     
   4.2725660088820856      -0.90482705246600537        4.2725660088820856       -8.7265881099709901        3.1382730147778712       -2.0186533595022969      -0.71117052250052004      -0.92815110645628829      -0.84631687563171920     
   4.3039819354179834      -0.91775462568396793        4.3039819354179834       -8.9840318247015372        3.3234995965690270       -2.1047841692530556      -0.70818774497244341      -0.94337789022069130      -0.85336668662227078     
   4.3353978619538811      -0.92977648588823902        4.3353978619538811       -9.2457233993372867        3.5175934117363123       -2.1941958709118214      -0.70312735892779554      -0.95790589155977679      -0.85896921465239751     
   4.3668137884897789      -0.94088076895421402        4.3668137884897789       -9.5116938401549191        3.7208127420615718       -2.2870800486385283      -0.69590110279803374      -0.97174011213282252      -0.86306712639787631     
   4.3982297150256766      -0.95105651629514310        4.3982297150256766       -9.7819741534311113        3.9334200923982934       -2.3836372934629093      -0.68641728707734773      -0.98488769150910771      -0.86560054228284056     
   4.4296456415615744      -0.96029368567693352        4.4296456415615744       -10.056595345442549        4.1556822212735831       -2.4840774623689050      -0.67458059632592571      -0.99735799767809707      -0.86650681254020023     
   4.4610615680974721      -0.96858316112862264        4.4610615680974721       -10.335588422465904        4.3878701714901425       -2.5886199415772975      -0.66029188202776301       -1.0091627211390493      -0.86572027822552966     
   4.4924774946333699      -0.97591676193873989        4.4924774946333699       -10.618984390777866        4.6302593007282109       -2.6974939140567651      -0.64344794604315281       -1.0203159727745017      -0.86317201643054242     
   4.5238934211692676      -0.98228725072868217        4.5238934211692676       -10.906814256655107        4.8831293121475738       -2.8109386312935047      -0.62394131439177958       -1.0308343857213267      -0.85878956890955194     
   4.5553093477051654      -0.98768834059513233        4.5553093477051654       -11.199109026374312        5.1467642849894908       -2.9292036893497393      -0.60166000109829776       -1.0407372214627548      -0.85249665329854452     
   4.5867252742410631      -0.99211470131447344        4.5867252742410631       -11.495899706212162        5.4214527051786927       -3.0525493092411793      -0.57648726182780452       -1.0500464803743368      -0.84421285607102159     
   4.6181412007769609      -0.99556196460307667        4.6181412007769609       -11.797217302445336        5.7074874959253350       -3.1812466216637532      -0.54830133703459261       -1.0587870169671261      -0.83385330633843135     
   4.6495571273128586      -0.99802672842826934        4.6495571273128586       -12.103092821350513        6.0051660483269753       -3.3155779560997320      -0.51697518434308787       -1.0669866600815290      -0.82132832956486934     
   4.6809730538487564      -0.99950656036573049        4.6809730538487564       -12.413557269204372        6.3147902519705319       -3.4558371343335050      -0.48237619987569058       -1.0746763382960365      -0.80654308022649213     
   4.7123889803846541       -1.0000000000000000        4.7123889803846541       -12.728641652283597        6.6366665255342578       -3.6023297684071700      -0.44436592823778209       -1.0818902108258444      -0.78939715240512753     
   4.7438049069205519      -0.99950656036573271        4.7438049069205519       -13.048376976864869        6.9711058473897189       -3.7553735630461595      -0.40279976086585689       -1.0886658041976616      -0.76978416726330967     
   4.7752208334564497      -0.99802672842827378        4.7752208334564497       -13.372794249224865        7.3184237862037467       -3.9152986225851176      -0.35752662244028821       -1.0950441549984378      -0.74759133630400365     
   4.8066367599923474      -0.99556196460308344        4.8066367599923474       -13.701924475640265        7.6789405315404089       -4.0824477624242057      -0.30838864505979391       -1.1010699590075228      -0.72269899927277381     
   4.8380526865282452      -0.99211470131448243        4.8380526865282452       -14.035798662387753        8.0529809244629842       -4.2571768250460540      -0.25522082987020678       -1.1067917270338712      -0.69498013551301407     
   4.8694686130641429      -0.98768834059514343        4.8694686130641429       -14.374447815744006        8.4408744881359326       -4.4398550006235435      -0.19785069583564052       -1.1122619477922557      -0.66429984753596161     
   4.9008845396000407      -0.98228725072869560        4.9008845396000407       -14.717902941985704        8.8429554584268555       -4.6308651522486652      -0.13609791533565918       -1.1175372581652119      -0.63051481551668631     
   4.9323004661359384      -0.97591676193875543        4.9323004661359384       -15.066195047389531        9.2595628145084738       -4.8306041458126092       -6.9773936267412573E-002  -1.1226786212103368      -0.59347272137473839     
   4.9637163926718362      -0.96858316112864040        4.9637163926718362       -15.419355138232165        9.6910403094605808       -5.0394831845673238        1.3184096728053873E-003  -1.1277515122859803      -0.55301164104398548     
   4.9951323192077339      -0.96029368567695350        4.9951323192077339       -15.777414220790284        10.137736500872037       -5.2579281483986975        7.7385312858829103E-002  -1.1328261136819167      -0.50895940347992663     
   5.0265482457436317      -0.95105651629516519        5.0265482457436317       -16.140403301340569        10.600004781442706       -5.4863799378416722       0.15864240608946911       -1.1379775181557028      -0.46113291489481434     
   5.0579641722795294      -0.94088076895423822        5.0579641722795294       -16.508353386159708        11.078203409585445       -5.7252948228673368       0.24531519976862359       -1.1432859417894718      -0.40933744665055116     
   5.0893800988154272      -0.92977648588826534        5.0893800988154272       -16.881295481524369        11.572695540028079       -5.9751447964723212       0.33763953225477383       -1.1488369465968173      -0.35336588517741629     
   5.1207960253513249      -0.91775462568399624        5.1207960253513249       -17.259260593711243        12.083849254415334       -6.2364179331007108       0.43586203572883608       -1.1547216733242793      -0.29299794222226283     
   5.1522119518872227      -0.90482705246603579        5.1522119518872227       -17.642279728997003        12.612037591910852       -6.5096187519285280       0.54024061793425471       -1.1610370849071252      -0.22799932366321141     
   5.1836278784231204      -0.89100652418838533        5.1836278784231204       -18.030383893658332        13.157638579799134       -6.7952685850411783       0.65104496014773439       -1.1678862210550616      -0.15812085505941931     
   5.2150438049590182      -0.87630668004388212        5.2150438049590182       -18.423604093971910        13.721035264087497       -7.0939059505339372       0.76855703174406287       -1.1753784644593128       -8.3097562033270789E-002
   5.2464597314949160      -0.86074202700396341        5.2464597314949160       -18.821971336214425        14.302615740108067       -7.4060869305657313       0.89307162172325860       -1.1836298191289565       -2.6477035090219925E-003
   5.2778756580308137      -0.84432792550203595        5.2778756580308137       -19.225516626662547        14.902773183119734       -7.7323855543963731        1.0248968875731901       -1.1927632013811218        8.3528244243884497E-002
   5.3092915845667115      -0.82708057427458381        5.3092915845667115       -19.634270971592951        15.521905878910150       -8.0733941864374934        1.1643549218456677       -1.2029087440268329       0.17574865489285996     
   5.3407075111026092      -0.80901699437497054        5.3407075111026092       -20.048265377282334        16.160417254397615       -8.4297239193474596        1.3117823368289354       -1.2142041143117770       0.27435187286040041     
   5.3721234376385070      -0.79015501237571462        5.3721234376385070       -20.467530850007364        16.818715908233152       -8.8020049722001872        1.4675308677048093       -1.2267948461888154       0.37969738997315328     
   5.4035393641744047      -0.77051324277581457        5.4035393641744047       -20.892098396044730        17.497215641402406       -9.1908870937584304        1.6319679945830732       -1.2408346875179164       0.49216708032197265     
   5.4349552907103025      -0.75011106963048590        5.4349552907103025       -21.321999021671097        18.196335487827639       -9.5970399708814860        1.8054775838114008       -1.2564859628072229       0.61216649580264337     
   5.4663712172462002      -0.72896862742143886        5.4663712172462002       -21.757263733163164        18.916499744969684       -10.021153642097602        1.9884605489638343       -1.2739199521282898       0.74012622489837376     
   5.4977871437820980      -0.70710678118657599        5.4977871437820980       -22.197923536797600        19.658138004429919       -10.463938916371344        2.1813355319159040       -1.2933172868579841       0.87650331735975939     
   5.5292030703179957      -0.68454710592871804        5.5292030703179957       -22.644009438851093        20.421685182552231       -10.926127797095972        2.3845396044198885       -1.3148683629191003        1.0217827775357882     
   5.5606189968538935      -0.66131186532368225        5.5606189968538935       -23.095552445600315        21.207581551025026       -11.408473911341208        2.5985289905984921       -1.3387737722123236        1.1764791292097510     
   5.5920349233897912      -0.63742398974872105        5.5920349233897912       -23.552583563321946        22.016272767483123       -11.911752944386528        2.8237798107806320       -1.3652447529526270        1.3411380548978959     
   5.6234508499256890      -0.61290705365300879        5.6234508499256890       -24.015133798292680        22.848209906109773       -12.436763079570056        3.0607888471084070       -1.3945036596440561        1.5163381126758040     
   5.6548667764615868      -0.58778525229250633        5.6548667764615868       -24.483234156789180        23.703849488238625       -12.984325443483534        3.3100743313489858       -1.4267844534489518        1.7026925337071268     
   5.6862827029974845      -0.56208337785216467        5.6862827029974845       -24.956915645088138        24.583653512955678       -13.555284556543292        3.5721767553511938       -1.4623332137287948        1.9008511037636873     
   5.7176986295333823      -0.53582679497903163        5.7176986295333823       -25.436209269466225        25.488089487701274       -14.150508788967578        3.8476597045912442       -1.5014086715568409        2.1115021321423457     
   5.7491145560692800      -0.50904141575040707        5.7491145560692800       -25.921146036200135        26.417630458871997       -14.770890822190488        4.1371107152576840       -1.5442827660252405        2.3353745115048725     
   5.7805304826051778      -0.48175367410175191        5.7805304826051778       -26.411756951566531        27.372755042422767       -15.417348115742463        4.4411421553311676       -1.5912412241923661        2.5732398722914089     
   5.8119464091410755      -0.45399049973958416        5.8119464091410755       -26.908073021842103        28.353947454468692       -16.090823379627896        4.7603921301194738       -1.6425841655403524        2.8259148354853663     
   5.8433623356769733      -0.42577929156511074        5.8433623356769733       -27.410125253303541        29.361697541887068       -16.792285052229801        5.0955254127142986       -1.6986267318363142        3.0942633676399165     
   5.8747782622128710      -0.39714789063481942        5.8747782622128710       -27.917944652227504        30.396500812919413       -17.522727783771735        5.4472343998414843       -1.7596997433156059        3.3791992422114170     
   5.9061941887487688      -0.36812455268471744        5.9061941887487688       -28.431562224890683        31.458858467773332       -18.283172925367460        5.8162400935815306       -1.8261503821308747        3.6816886113842395     
   5.9376101152846665      -0.33873792024533150        5.9376101152846665       -28.951008977569760        32.549277429224546       -19.074669023688173        6.2032931094435071       -1.8983429040354256        4.0027526927157426     
   5.9690260418205643      -0.30901699437498820        5.9690260418205643       -29.476315916541417        33.668270373218867       -19.898292321277729        6.6091747112803034       -1.9766593792961178        4.3434705750770668     
   6.0004419683564620      -0.27899110603927058        6.0004419683564620       -30.007514048082328        34.816355759474135       -20.755147262546110        7.0346978735389847       -2.0615004638573318        4.7049821485175061     
   6.0318578948923598      -0.24868988716489662        6.0318578948923598       -30.544634378469176        35.994057862082208       -21.646367005471092        7.4807083713458766       -2.1532862018041854        5.0884911628367169     
   6.0632738214282575      -0.21814324139658492        6.0632738214282575       -31.087707913978644        37.201906800110905       -22.573113939038620        7.9480858989311862       -2.2524568602011339        5.4952684198092321     
   6.0946897479641553      -0.18738131458576746        6.0946897479641553       -31.636765660887406        38.440438568206034       -23.536580206451788        8.4377452169040481       -2.3594737974096649        5.9266551041712674     
   6.1261056745000531      -0.15643446504027408        6.1261056745000531       -32.191838625472151        39.710195067193261       -24.537988234139000        8.9506373288940821       -2.4748203660177435        6.3840662586491739     
   6.1575216010359508      -0.12533323356434783        6.1575216010359508       -32.752957814009541        41.011724134680215       -25.578591266590998        9.4877506880820590       -2.5990028515418455        6.8689944084842107     
   6.1889375275718486       -9.4108313318558248E-002   6.1889375275718486       -33.320154232776289        42.345579575658277       -26.659673907057581        10.050112434146968       -2.7325514480930142        7.3830133410866079     
   6.2203534541077463       -6.2790519529357589E-002   6.2203534541077463       -33.893458888049047        43.712321193104749       -27.782552664133640        10.638789661163678       -2.8760212722272538        7.9277820466373417     
   6.2517693806436441       -3.1410759078172742E-002   6.2517693806436441       -34.472902786104498        45.112514818584657       -28.948576504265077        11.254890716990211       -3.0299934162321005        8.5050488256444616     
   6.2831853071795418       -4.4653850344835732E-014   6.2831853071795418       -35.058516933219337        46.546732342852806       -30.159127410204761        11.899566534690202       -3.1950760421316087        9.1166555696560021     
   6.3146012337154396        3.1410759078083487E-002   6.3146012337154396       -35.650332335670228        48.015551746455770       -31.415620945448495        12.574011996541650       -3.3719055177239134        9.7645422215310749     
