  -6.2831853071795862        2.4492935982947064E-016  -6.2830805879479303       -6.4804677412163958        34.856066898009445        36.154729263745516       -45.427672907648962     
  -6.2517693806436885        3.1410759078128354E-002  -6.2475985096987694       -7.0567232896320853        33.623578813756325        36.894705576430489       -42.566658409638073     
  -6.2203534541077907        6.2790519529313263E-002  -6.2060226601533302       -7.6137996168592457        32.378073438308292        37.539158587913718       -39.769981708214772     
  -6.1889375275718930        9.4108313318514034E-002  -6.1584559849965528       -8.1513237770060574        31.121739401924536        38.090370792433667       -37.040421768571058     
  -6.1575216010359952       0.12533323356430379       -6.1050072101206334       -8.6689537166820312        29.856731609179477        38.550718957449575       -34.380541626386432     
  -6.1261056745000975       0.15643446504023023       -6.0457906733530304       -9.1663783047607623        28.585168633824004        38.922664539902051       -31.792961911777546     
  -6.0946897479641997       0.18738131458572382       -5.9809261508365346       -9.6433173208115619        27.309130246852909        39.208751769062950       -29.279580135766871     
  -6.0632738214283020       0.21814324139654157       -5.9105386782930260       -10.099521402848048        26.030655003413834        39.411594902721959       -26.842536538668526     
  -6.0318578948924042       0.24868988716485363       -5.8347583674065087       -10.534771954572330        24.751737996773620        39.533879903873107       -24.482653108966012     
  -6.0004419683565065       0.27899110603922794       -5.7537202175668085       -10.948881013076200        23.474328643881474        39.578345662289465       -22.202070448098475     
  -5.9690260418206087       0.30901699437494595       -5.6675639232179025       -11.341691077118352        22.200328664017956        39.547789440909199       -20.001629226591433     
  -5.9376101152847109       0.33873792024528976       -5.5764336770606056       -11.713074897117078        20.931590087372850        39.445051322332674       -17.882332871212732     
  -5.9061941887488132       0.36812455268467614       -5.4804779693610319       -12.062935227008367        19.669913454256928        39.273013424968646       -15.845168207588031     
  -5.8747782622129154       0.39714789063477868       -5.3798493836212868       -12.391204539210531        18.417046072938064        39.034594903271007       -13.889789215687451     
  -5.8433623356770177       0.42577929156507061       -5.2747043888708172       -12.697844703177296        17.174680378703041        38.732733913702091       -12.017360697457896     
  -5.8119464091411199       0.45399049973954458       -5.1652031288394449       -12.982846628287088        15.944452486883826        38.370397385104162       -10.227507960742059     
  -5.7805304826052222       0.48175367410171299       -5.0515092082762276       -13.246229872153716        14.727940780874054        37.950564594375287       -8.5200589591873594     
  -5.7491145560693244       0.50904141575036888       -4.9337894766799906       -13.488042215153373        13.526664644062032        37.476222043929226       -6.8952356897693079     
  -5.7176986295334267       0.53582679497899410       -4.8122138097084548       -13.708359201964141        12.342083332466826        36.950364863307236       -5.3519954359098847     
  -5.6862827029975289       0.56208337785212792       -4.6869548885360048       -13.907283651449578        11.175594880580455        36.375975364290198       -3.8908657042099790     
  -5.6548667764616312       0.58778525229247047       -4.5581879774282319       -14.084945135082659        10.028535302428796        35.756045594871047       -2.5092269645234992     
  -5.6234508499257334       0.61290705365297371       -4.4260906998072000       -14.241499426391307        8.9021776307814484        35.093537442077483       -1.2076070105898609     
  -5.5920349233898357       0.63742398974868686       -4.2908428130746215       -14.377127920584709        7.7977313588587691        34.391407333108930        1.6645577052877059E-002
  -5.5606189968539379       0.66131186532364894       -4.1526259824686456       -14.492037027327479        6.7163417493883966        33.652571327845088        1.1620789316939835     
  -5.5292030703180401       0.68454710592868573       -4.0116235542219929       -14.586457536175375        5.6590894988827909        32.879938092681549        2.2321090932392025     
  -5.4977871437821424       0.70710678118654458       -3.8680203282947137       -14.660643957151898        4.6269902712881716        32.076370965952016        3.2278337567571214     
  -5.4663712172462446       0.72896862742140855       -3.7220023309502501       -14.714873836715302        3.6209944966652863        31.244697653937621        4.1508445256289725     
  -5.4349552907103469       0.75011106963045648       -3.5737565874438539       -14.749447050526832        2.6419872606126624        30.387702962891577        5.0018479256905870     
  -5.4035393641744491       0.77051324277578614       -3.4234708950916168       -14.764685074683195        1.6907882545372974        29.508132741995482        5.7838739646450321     
  -5.3721234376385514       0.79015501237568730       -3.2713335969848014       -14.760930235984850       0.76815184793396796        28.608677305942734        6.4985504337568116     
  -5.3407075111026536       0.80901699437494445       -3.1175333566139587       -14.738544942924854      -0.12523272478816239        27.691972588188431        7.1474267868148971     
  -5.3092915845667559       0.82708057427455883       -2.9622589336641760       -14.697910898547153      -0.98874108328423027        26.760597208870841        7.7320299863901596     
  -5.2778756580308581       0.84432792550201219       -2.8056989612390577       -14.639428296087649       -1.8218132540473739        25.817080529154545        8.2560066900654192     
  -5.2464597314949604       0.86074202700394076       -2.6480417247722037       -14.563514999832796       -2.6239533336968606        24.863868821482967        8.7195662833441254     
  -5.2150438049590626       0.87630668004386081       -2.4894749428746041       -14.470605710601410       -3.3947287451245458        23.903359860740302        9.1261104770035057     
  -5.1836278784231649       0.89100652418836512       -2.3301855503715081       -14.361151119151737       -4.1337696757952607        22.937874542583153        9.4775991013759988     
  -5.1522119518872671       0.90482705246601691       -2.1703594837708935       -14.235617047493323       -4.8407683050122436        21.969659405786516        9.7756959731492419     
  -5.1207960253513694       0.91775462568397859       -2.0101814694066000       -14.094483579777325       -5.5154779052973186        21.000896410045968        10.023779884427110     
  -5.0893800988154716       0.92977648588824902       -1.8498348144926222       -13.938244184381391       -6.1577119754287626        20.033683170180396        10.223544098198206     
  -5.0579641722795738       0.94088076895422323       -1.6895012013213186       -13.767404828113300       -6.7673432022449029        19.070039908196350        10.376929304968526     
  -5.0265482457436761       0.95105651629515142       -1.5293604848328708       -13.582483083973287       -7.3443023505313532        18.111912164803496        10.486744873863765     
  -4.9951323192077783       0.96029368567694107       -1.3695904937788801       -13.384007233917886       -7.8885771233527553        17.161161513998884        10.555174067109929     
  -4.9637163926718806       0.96858316112862930       -1.2103668356973480       -13.172515367793212       -8.4002109227043285        16.219566058348093        10.584502028914439     
  -4.9323004661359828       0.97591676193874577       -1.0518627059107526       -12.948554479736725       -8.8793015220728790        15.288822569573799        10.576962420131759     
  -4.9008845396000851       0.98228725072868728      -0.89424870075299911       -12.712679563434476       -9.3259997074778784        14.370544869244734        10.535548715177782     
  -4.8694686130641873       0.98768834059513655      -0.73769263522555384       -12.465452707446453       -9.7405078501301148        13.466255750075515        10.461599746421708     
  -4.8380526865282896       0.99211470131447688      -0.58235936527625265       -12.207442191887635       -10.123078390189654        12.577397483438109        10.357655444033897     
  -4.8066367599923918       0.99556196460307922      -0.42841061488824667       -11.939221587739986       -10.474012303292360        11.705324572144226        10.225978051180775     
  -4.7752208334564941       0.99802672842827100      -0.27600480815956852       -11.661368859941780       -10.793657476234703        10.851306895827246        10.068724313964236     
  -4.7438049069205963       0.99950656036573127      -0.12529690654802766       -11.374465475821932       -11.082407094185868        10.016526180340581        9.8881038278566340     
  -4.7123889803846986        1.0000000000000000        2.3561748552991618E-002  -11.079095519444117       -11.340697897344668        9.2020808106453700        9.6861705555261235     
  -4.6809730538488008       0.99950656036573182       0.17042358774666125       -10.775844813790664       -11.569008482728151        8.4089818322544048        9.4651649073483739     
  -4.6495571273129030       0.99802672842827211       0.31514495992110098       -10.465300051394232       -11.767857507297649        7.6381546126288633        9.2266080276003066     
  -4.6181412007770053       0.99556196460308088       0.45758627274872155       -10.148047934868371       -11.937801879666658        6.8904436613064455        8.9730240704285595     
  -4.5867252742411075       0.99211470131447899       0.59761212725917079       -9.8246743283135203       -12.079434928856408        6.1666063127430526        8.7058622034203346     
  -4.5553093477052098       0.98768834059513921       0.73509144635621904       -9.4957634207967860       -12.193384528687334        5.4673202625637760        8.4272425417341896     
  -4.5238934211693120       0.98228725072869050       0.86989759715690063       -9.1618969028635906       -12.280311215003241        4.7931801556946816        8.1388842139312985     
  -4.4924774946334143       0.97591676193874954        1.0019085070388833       -8.8236531571819405       -12.340906258984873        4.1447018503065998        7.8423965725688305     
  -4.4610615680975165       0.96858316112863363        1.1310067732905311       -8.4816064644082658       -12.375889758281463        3.5223221156258280        7.5394309272915301     
  -4.4296456415616188       0.96029368567694595        1.2570797662658655       -8.1363262251417794       -12.386008693570730        2.9264003654986528        7.2315664476742878     
  -4.3982297150257210       0.95105651629515686        1.3800197259558291       -7.7883761988589342       -12.372034963749829        2.3572222475913396        6.9203869157508127     
  -4.3668137884898233       0.94088076895422912        1.4997238518937610       -7.4383137610785992       -12.334763459769508        1.8149981212048338        6.6072426248005591     
  -4.3353978619539255       0.92977648588825534        1.6160943863241415       -7.0866891791021107       -12.275010079022017        1.2998682976412272        6.2936340252143044     
  -4.3039819354180278       0.91775462568398547        1.7290386905690680       -6.7340449077414135       -12.193609788780300       0.81190256368090274        5.9808147687856978     
  -4.2725660088821300       0.90482705246602424        1.8384693145375699       -6.3809149055493721       -12.091414683291585       0.35110145763158762        5.6697664292919221     
  -4.2411500823462323       0.89100652418837301        1.9443040593315568       -6.0278239721244926       -11.969291999887652       -8.2595416680463885E-002   5.3620019523467155     
  -4.2097341558103345       0.87630668004386914        2.0464660329082567       -5.6752871079000311       -11.828122239674148      -0.48931534170126589        5.0584725697956650     
  -4.1783182292744367       0.86074202700394964        2.1448836987710997       -5.3238088963540173       -11.668797225051819      -0.86924660662018205        4.7600078873407767     
  -4.1469023027385390       0.84432792550202151        2.2394909176667537       -4.9738829097571262       -11.492218191153150       -1.2226339550639143        4.4676009891065558     
  -4.1154863762026412       0.82708057427456860        2.3302269822761130       -4.6259911389961861       -11.299293917360210       -1.5497786070631445        4.1820919810499193     
  -4.0840704496667435       0.80901699437495456        2.4170366448948912       -4.2806034480484829       -11.090938871427907       -1.8510345706842415        3.9044462623967480     
  -4.0526545231308457       0.79015501237569796        2.4998701381088386       -3.9381770535344334       -10.868071375771599       -2.1268079659590118        3.6351700046698285     
  -4.0212385965949480       0.77051324277579725        2.5786831884755332       -3.5991560301662981       -10.631611824013483       -2.3775544086461391        3.3746539060641654     
  -3.9898226700590502       0.75011106963046803        2.6534370232359721       -3.2639708420266351       -10.382480882236147       -2.6037715962060277        3.1239109995563981     
  -3.9584067435231525       0.72896862742142043        2.7240983700837504       -2.9330379006389289       -10.121597762659587       -2.8060002521171610        2.8834921518464833     
  -3.9269908169872547       0.70710678118655679        2.7906394500317151       -2.6067591499483007       -9.8498785473872204       -2.9848235547856765        2.6537790652412054     
  -3.8955748904513570       0.68454710592869839        2.8530379634218024       -2.2855216785004284       -9.5682345165694631       -3.1408628052883305        2.4348732412693312     
  -3.8641589639154592       0.66131186532366204        2.9112770691324212       -1.9696973592555698       -9.2775705265526884       -3.2747719087652873        2.2272893307413000     
  -3.8327430373795615       0.63742398974870029        2.9653453570472847       -1.6596425171463909       -8.9787834432667655       -3.3872375721194894        2.0312518288307482     
  -3.8013271108436637       0.61290705365298748        3.0152368138552945       -1.3556976246771471       -8.6727606110498847       -3.4789757724501209        1.8469160071396482     
  -3.7699111843077660       0.58778525229248446        3.0609507822604560       -1.0581870258017800       -8.3603783856715452       -3.5507295076908614        1.6743928044436691     
  -3.7384952577718682       0.56208337785214235        3.1024919136885756      -0.76741868793560286       -8.0425006938831807       -3.6032657195856457        1.5136746670481447     
  -3.7070793312359704       0.53582679497900876        3.1398701145841117      -0.48368398246276278       -7.7199776529080291       -3.6373708171483106        1.3649507569076453     
  -3.6756634047000727       0.50904141575038386        3.1731004863991212      -0.20725749368062640       -7.3936442677929053       -3.6538523436266486        1.2280364730642601     
  -3.6442474781641749       0.48175367410172826        3.2022032593828724        6.1603143962936979E-002  -7.0643191362499529       -3.6535317081264114        1.1029050773219411     
  -3.6128315516282772       0.45399049973956013        3.2272037202880699       0.32265738013693479       -6.7328032516060121       -3.6372438283373252       0.98951669060196545     
  -3.5814156250923794       0.42577929156508637        3.2481321341169247       0.57568185469160582       -6.3998788486973099       -3.6058355804864131       0.88757716232931427     
  -3.5499996985564817       0.39714789063479466        3.2650236600365306       0.82047047556641406       -6.0663082989515225       -3.5601607629036702       0.79697234529576688     
  -3.5185837720205839       0.36812455268469235        3.2779182616004432        1.0568344687258775       -5.7328330801202760       -3.5010797342565367       0.71739411955923194     
  -3.4871678454846862       0.33873792024530613        3.2868606114189709        1.2846024003070218       -5.4001727991224513       -3.4294558772055694       0.64856908252846512     
  -3.4557519189487884       0.30901699437496249        3.2918999904278965        1.5036201713017321       -5.0690242770259086       -3.3461535948190768       0.59020094121402256     
  -3.4243359924128907       0.27899110603924465        3.2930901819104998        1.7137509849677872       -4.7400606999249479       -3.2520363833515429       0.54188522305663334     
  -3.3929200658769929       0.24868988716487050        3.2904893604344201        1.9148752874051778       -4.4139308231218095       -3.1479634720389607       0.50329418557401651     
  -3.3615041393410952       0.21814324139655855        3.2841599758698288        2.1068906815206949       -4.0912582544169336       -3.0347889122844869       0.47402681652331680     
  -3.3300882128051974       0.18738131458574092        3.2741686326616004        2.2897118149447682       -3.7726407880301602       -2.9133591918537984       0.45363091067355965     
  -3.2986722862692996       0.15643446504024741        3.2605859645325195        2.4632702422196076       -3.4586498043438434       -2.7845106265713748       0.44167821015673958     
  -3.2672563597334019       0.12533323356432105        3.2434865048003032        2.6275142617729648       -3.1498297397110422       -2.6490680950822298       0.43771677350120397     
  -3.2358404331975041        9.4108313318531339E-002   3.2229485524953350        2.7824087281838015       -2.8466976151936949       -2.5078431173716433       0.44124522280613343     
  -3.2044245066616064        6.2790519529330624E-002   3.1990540344710618        2.9279348402953986       -2.5497426282986040       -2.3616317202365034       0.45178305925028850     
  -3.1730085801257086        3.1410759078145743E-002   3.1718883637026383        3.0640899057026560       -2.2594258126215703       -2.2112131194538351       0.46882770345521951     
  -3.1415926535898109        1.7641103714087769E-014   3.1415402939739829        3.1908870822692945       -1.9761797567793007       -2.0573479566174604       0.49187510154684766     
  -3.1101767270539131       -3.1410759078110487E-002   3.1081017711566923        3.3083550972658919       -1.7004083890628694       -1.9007769729795576       0.52040628635272168     
  -3.0787608005180154       -6.2790519529295416E-002   3.0716677812880335        3.4165379448275548       -1.4324868209991388       -1.7422193752348019       0.55391414483851165     
  -3.0473448739821176       -9.4108313318496228E-002   3.0323361956582233        3.5154945623828340       -1.1727612564395873       -1.5823718606441588       0.59186918855723469     
  -3.0159289474462199      -0.12533323356428602        2.9902076131203366        3.6052984868120985      -0.92154895647624002       -1.4219070504983331       0.63375506537868587     
  -2.9845130209103221      -0.15643446504021255        2.9453851998386820        3.6860374910352647      -0.67913826866138383       -1.2614725530771445       0.67906969280096918     
  -2.9530970943744244      -0.18738131458570623        2.8979745266940253        3.7578132018258685      -0.44578871280592214       -1.1016900506373619       0.72729416537042657     
  -2.9216811678385266      -0.21814324139652411        2.8480834045660957        3.8207406996336362      -0.22173112328625244      -0.94315412448634683       0.77792674974820875     
  -2.8902652413026289      -0.24868988716483631        2.7958217177156528        3.8749481012087150       -7.1678508362764681E-003 -0.78643161386994498       0.83047541362671917     
  -2.8588493147667311      -0.27899110603921073        2.7413012554899949        3.9205761258914995       0.19772698494452667      -0.63206055927368221       0.88447731893043235     
  -2.8274333882308333      -0.30901699437492891        2.6846355425769501        3.9577776463474112       0.39280717959544331      -0.48055038201378852       0.93943533839862126     
  -2.7960174616949356      -0.33873792024527294        2.6259396680338636        3.9867172247497424       0.57795409121496188      -0.33238030025889842       0.99490201273111978     
  -2.7646015351590378      -0.36812455268465955        2.5653301133179629        4.0075706351214331       0.75307622263759155      -0.18799939224502527        1.0504548438202090     
  -2.7331856086231401      -0.39714789063476230        2.5029245795457649        4.0205243728526421       0.91810875929245528       -4.7826519759038510E-002   1.1056421163872829     
  -2.7017696820872423      -0.42577929156505440        2.4388418142091348        4.0257751522863936        1.0730130627066883        8.7750486518077597E-002   1.1600679946668322     
  -2.6703537555513446      -0.45399049973952865        2.3732014375749269        4.0235293932516507        1.2177761148353192       0.21837480784481700        1.2133516267915043     
  -2.6389378290154468      -0.48175367410169728        2.3061237689957155        4.0140026975124430        1.3524099170295050       0.34372048102504249        1.2651197559778344     
  -2.6075219024795491      -0.50904141575035344        2.2377296533576367        3.9974193160816602        1.4769508518348462       0.46349271474112608        1.3150206428252158     
  -2.5761059759436513      -0.53582679497897900        2.1681402878906675        3.9740116082976855        1.5914589981063032       0.57742751032474371        1.3627287615615331     
  -2.5446900494077536      -0.56208337785211315        2.0974770495658523        3.9440194937185966        1.6960174175960567       0.68529199234700022        1.4079531199343693     
  -2.5132741228718558      -0.58778525229245593        2.0258613233015081        3.9076898976460166        1.7907313920623422       0.78688342530033539        1.4504024184931079     
  -2.4818581963359581      -0.61290705365295961        1.9534143311998691        3.8652761913878688        1.8757276374693583       0.88202933276113193        1.4898093570185313     
  -2.4504422698000603      -0.63742398974867309        1.8802569630327690        3.8170376281630167        1.9511534841327844       0.97058724387967577        1.5259591856023746     
  -2.4190263432641625      -0.66131186532363562        1.8065096081926166        3.7632387755667343        2.0171760212153762        1.0524436597957019        1.5586265079405854     
  -2.3876104167282648      -0.68454710592867263        1.7322919893232009        3.7041489456625518        2.0739812222701186        1.1275140443674423        1.5876268942312022     
  -2.3561944901923670      -0.70710678118653192        1.6577229978406582        3.6400416235491546        2.1217730385170279        1.1957419868112775        1.6128094301889768     
  -2.3247785636564693      -0.72896862742139623        1.5829205315535944        3.5711938954490225        2.1607724697780570        1.2570982191380864        1.6340269501242399     
  -2.2933626371205715      -0.75011106963044472        1.5080013345861740        3.4978858772540917        2.1912166221974347        1.3115803093664753        1.6511518568289849     
  -2.2619467105846738      -0.77051324277577482        1.4330808398058061        3.4204001443820538        2.2133577368659871        1.3592118423487962        1.6641179226527154     
  -2.2305307840487760      -0.79015501237567642        1.3582730139527912        3.3390211640515841        2.2274622106490654        1.4000412711843579        1.6728547569066305     
  -2.1991148575128783      -0.80901699437493391        1.2836902056646322        3.2540347306766355        2.2338095937768130        1.4341409221222743        1.6773108378910477     
  -2.1676989309769805      -0.82708057427454884        1.2094429965848177        3.1657274055545823        2.2326915891508854        1.4616064943051286        1.6774702418676344     
  -2.1362830044410828      -0.84432792550200264        1.1356400557396773        3.0743859615031930        2.2244110290565917        1.4825555755462125        1.6733250702184510     
  -2.1048670779051850      -0.86074202700393165        1.0623879973637327        2.9802968335192892        2.2092808547710012        1.4971270713707523        1.6649179713549043     
  -2.0734511513692873      -0.87630668004385215       0.98979124234776750        2.8837455762141397        2.1876230841722126        1.5054795955080951        1.6522822914797584     
  -2.0420352248333895      -0.89100652418835702       0.91795188347971746        2.7850163289515817        2.1597677810753400        1.5077906560656475        1.6354847597182194     
  -2.0106192982974918      -0.90482705246600925       0.84696955464235357        2.6843912895080502        2.1260520242473544        1.5042554721659851        1.6146126015738738     
  -1.9792033717615938      -0.91775462568397159       0.77694130412652973        2.5821501970492009        2.0868188758869746        1.4950856542667990        1.5897611380102112     
  -1.9477874452256958      -0.92977648588824258       0.70796147221327677        2.4785698252788708        2.0424163572885390        1.4805081655824970        1.5610537536345932     
  -1.9163715186897978      -0.94088076895421735       0.64012157317148100        2.3739234864943128        1.9931964302344616        1.4607641211293769        1.5286339319521731     
  -1.8849555921538999      -0.95105651629514620       0.57351018181235391        2.2684805473125689        1.9395139845778258        1.4361073403045208        1.4926500957771618     
  -1.8535396656180019      -0.96029368567693640       0.50821282473558571        2.1625059568240479        1.8817258390469727        1.4068032812472353        1.4532738654288200     
  -1.8221237390821039      -0.96858316112862519       0.44431187639527470        2.0562597878666500        1.8201897544176526        1.3731277450722283        1.4106886631849054     
  -1.7907078125462059      -0.97591676193874222       0.38188646010776972        1.9499967920953347        1.7552634585839928        1.3353654601871381        1.3650830539227037     
  -1.7592918860103079      -0.98228725072868428       0.32101235411648460        1.8439659695556767        1.6873036937806507        1.2938091125626907        1.3166681730813865     
  -1.7278759594744100      -0.98768834059513400       0.26176190282201223        1.7384101533306107        1.6166652770951078        1.2487578516152207        1.2656600187514329     
  -1.6964600329385120      -0.99211470131447488       0.20420393327872619        1.6335656098868183        1.5437001835812090        1.2005161159849744        1.2122829087804055     
  -1.6650441064026140      -0.99556196460307778       0.14840367705281166        1.5296616557236355        1.4687566512374661        1.1493923771836356        1.1567703381917493     
  -1.6336281798667160      -0.99802672842827012        9.4422697528292771E-002   1.4269202908463277        1.3921783111480386        1.0956979691941675        1.0993646909886428     
  -1.6022122533308181      -0.99950656036573082        4.2318822741405158E-002   1.3255558495669690        1.3143033406272642        1.0397457668692176        1.0403098994937663     
  -1.5707963267949201       -1.0000000000000000       -7.8539161843132026E-003   1.2257746691487310        1.2354636461797275       0.98184909986181457       0.97985704947058094     
  -1.5393804002590221      -0.99950656036573227       -5.6045340936805146E-002   1.1277747767196888        1.1559840728525483       0.92232050113124509       0.91825932856400228     
  -1.5079644737231241      -0.99802672842827300      -0.10220917619061200        1.0317455949046765        1.0761816458200246       0.86147060772363437       0.85577107683681786     
  -1.4765485471872262      -0.99556196460308222      -0.14630309400808025       0.93786766653737796       0.99636484222287258       0.79960705419122080       0.79264912383377684     
  -1.4451326206513282      -0.99211470131448076      -0.18828875242410889       0.84631239882342479       0.91683289599586459       0.73703337055328766       0.72914993927465543     
  -1.4137166941154302      -0.98768834059514132      -0.22813182817950384       0.75724182727759126       0.83787513692240578       0.67404791660301122       0.66552698873644534     
  -1.3823007675795322      -0.98228725072869305      -0.26580204357572351       0.67080839971219341       0.75977036498436124       0.61094291267503786       0.60203236680133121     
  -1.3508848410436343      -0.97591676193875243      -0.30127318743127712       0.58715478054388703       0.68278626029154099       0.54800341679344755       0.53891347027888170     
  -1.3194689145077363      -0.96858316112863685      -0.33452313012817569       0.50641367563063633       0.60717883134089856       0.48550644678791299       0.47641376868396462     
  -1.2880529879718383      -0.96029368567694950      -0.36553383274398077       0.42870767782080155       0.53319189990584259       0.42372004587325796       0.41477056770706466     
  -1.2566370614359403      -0.95105651629516075      -0.39429135027308643       0.35414913338616211       0.46105662659172220       0.36290248761437555       0.35421494528038583     
  -1.2252211349000424      -0.94088076895423323      -0.42078582894860250       0.28284002940921549       0.39099107386468757       0.30330142861237547       0.29496906850768961     
  -1.1938052083641444      -0.92977648588825990      -0.44501149768347997       0.21487190225591285       0.32319981124030117       0.24515321597848555       0.23724761855816445     
  -1.1623892818282464      -0.91775462568399024      -0.46696665365734757       0.15032576714756729       0.25787356013571666       0.18868217164545389       0.18125567012060143     
  -1.1309733552923484      -0.90482705246602924      -0.48665364208349549        8.9272068838151641E-002  0.19518887979821409       0.13409994457265054       0.12718789867418576     
  -1.0995574287564505      -0.89100652418837822      -0.50407883019707944        3.1770653398751181E-002  0.13530789543377658        8.1604934499124426E-002   7.5227897747434130E-002
  -1.0681415022205525      -0.87630668004387458      -0.51925257551404491       -2.2129238981070776E-002   7.8378067602130022E-002   3.1381761025702316E-002   2.5547927197880533E-002
  -1.0367255756846545      -0.86074202700395519      -0.53218918841689955       -7.2388960247327216E-002   2.4532003659324939E-002  -1.6399227887593494E-002  -2.1692699164726086E-002
  -1.0053096491487565      -0.84432792550202718      -0.54290688913133378      -0.11898041993356667       -2.6112688362208605E-002  -6.1582340914241702E-002  -6.6346394742263573E-002
 -0.97389372261285856      -0.82708057427457460      -0.55142775916459841      -0.16188602997964702       -7.3453505094844121E-002 -0.10402695955391891      -0.10828017855067874     
 -0.94247779607696058      -0.80901699437496066      -0.55777768728345856      -0.20109862907985165      -0.11740310947703475      -0.14360779740785640      -0.14737435790002049     
 -0.91106186954106261      -0.79015501237570418      -0.56198631011750311      -0.23662138684486966      -0.15788935216016148      -0.18021516424031506      -0.18352336950387976     
 -0.87964594300516463      -0.77051324277580358      -0.56408694747904542      -0.26846768799367088      -0.19485525092999761      -0.21375515993328470      -0.21663636019156551     
 -0.84823001646926666      -0.75011106963047436      -0.56411653249899929      -0.29666099689417574      -0.22825892899375966      -0.24414980257263219      -0.24663748805520688     
 -0.81681408993336868      -0.72896862742142687      -0.56211553668396219      -0.32123470278392713      -0.25807351308066401      -0.27133710391642007      -0.27346578296159058     
 -0.78539816339747071      -0.70710678118656334      -0.55812789000636576      -0.34223194600783913      -0.28428699085521708      -0.29527107989949214      -0.29707546868151508     
 -0.75398223686157273      -0.68454710592870494      -0.55220089614616974      -0.35970542568976649      -0.30690202964380114      -0.31592172254610418      -0.31743623193302589     
 -0.72256631032567475      -0.66131186532366859      -0.54438514300852447      -0.37371718923763086      -0.32593575579311185      -0.33327488961141549      -0.33453283107920240     
 -0.69115038378977678      -0.63742398974870684      -0.53473440864789401      -0.38433840414009501      -0.34141949655939940      -0.34733216340444462      -0.34836542494512812     
 -0.65973445725387880      -0.61290705365299403      -0.52330556273523943      -0.39164911253495871      -0.35339848483411934      -0.35811064171384138      -0.35894927855278541     
 -0.62831853071798083      -0.58778525229249112      -0.51015846371010609      -0.39573796904258002      -0.36193152759382724      -0.36564267735669381      -0.36631465503655330     
 -0.59690260418208285      -0.56208337785214890      -0.49535585176542596      -0.39670196240888200      -0.36709063941858222      -0.36997556615684901      -0.37050651786681260     
 -0.56548667764618488      -0.53582679497901531      -0.47896323781794475      -0.39464612151258316      -0.36896064206723400      -0.37117118836206953      -0.37158436246541132     
 -0.53407075111028690      -0.50904141575039030      -0.46104878862212362      -0.38968320631264519      -0.36763873103077882      -0.36930559364296173      -0.36962176096990335     
 -0.50265482457438893      -0.48175367410173459      -0.44168320819076695      -0.38193338435448859      -0.36323401063959748      -0.36446854385123095      -0.36470601343168546     
 -0.47123889803849101      -0.45399049973956640      -0.42093961568977406      -0.37152389345700620      -0.35586699883187700      -0.35676300904153713      -0.35693769479106013     
 -0.43982297150259309      -0.42577929156509259      -0.39889341997929706      -0.35858869123487369      -0.34566910291770264      -0.34630461825505071      -0.34643013691782193     
 -0.40840704496669517      -0.39714789063480083      -0.37562219097767940      -0.34326809213114851      -0.33278206786483133      -0.33322106979388999      -0.33330887871276049     
 -0.37699111843079725      -0.36812455268469846      -0.35120552802864419      -0.32570839265153095      -0.31735739849812122      -0.31765150139942949      -0.31771106602688726     
 -0.34557519189489933      -0.33873792024531213      -0.32572492545595916      -0.30606148551263346      -0.29955575715232896      -0.29974582265117417      -0.29978480014464204     
 -0.31415926535900141      -0.30901699437496843      -0.29926363549347179      -0.28448446343479505      -0.27954633838400494      -0.27966401283737624      -0.27968845537972942     
 -0.28274333882310348      -0.27899110603925048      -0.27190652878162719      -0.26113921332415141      -0.25750622231430043      -0.25757538539203373      -0.25758994604167734     
 -0.25132741228720556      -0.24868988716487619      -0.24373995262479703      -0.23619200160695170      -0.23361970831661805      -0.23365782260312853      -0.23366596571149231     
 -0.21991148575130764      -0.21814324139656413      -0.21485158720646286      -0.20981305148964807      -0.20807763070601978      -0.20809698219302175      -0.20810118701606209     
 -0.18849555921540972      -0.18738131458574636      -0.18533029996200240      -0.18217611293487382      -0.18107665821645302      -0.18108547921100701      -0.18108743573426370     
 -0.15707963267951180      -0.15643446504025274      -0.15526599831109694      -0.15345802615171494      -0.15281857900335943      -0.15282204535799568      -0.15282283532698523     
 -0.12566370614361388      -0.12533323356432621      -0.12474948095388143      -0.12383827941097308      -0.12350957299331695      -0.12351066881111894      -0.12351092862025499     
  -9.4247779607715951E-002  -9.4108313318536377E-002  -9.3872287936780860E-002  -9.3498562004213873E-002  -9.3359473401900317E-002  -9.3359717267414349E-002  -9.3359779086586020E-002
  -6.2831853071818017E-002  -6.2790519529335481E-002  -6.2726549695534109E-002  -6.2622313173368249E-002  -6.2581019270843516E-002  -6.2581047076621238E-002  -6.2581055231134983E-002
  -3.1415926535920083E-002  -3.1410759078150434E-002  -3.1404835284207192E-002  -3.1394267843958455E-002  -3.1389100892054558E-002  -3.1389101355376342E-002  -3.1389101610382143E-002
  -2.2148949341271873E-014  -2.2148949341271873E-014  -2.2148580193961928E-014  -2.2148580193961931E-014  -2.2148580193961931E-014  -2.2148580193961931E-014  -2.2148580193961931E-014
   3.1415926535875785E-002   3.1410759078106157E-002   3.1394967385399514E-002   3.1374535457419611E-002   3.1369373374925728E-002   3.1369375460795990E-002   3.1369375715401569E-002
   6.2831853071773719E-002   6.2790519529291280E-002   6.2687097577285564E-002   6.2543461524158378E-002   6.2502245493747277E-002   6.2502299221870034E-002   6.2502307350759290E-002
   9.4247779607671653E-002   9.4108313318492273E-002   9.3783593680130603E-002   9.3321437733622600E-002   9.3182743034642856E-002   9.3183117807943680E-002   9.3183179335484340E-002
  0.12566370614356959       0.12533323356428228       0.12459198387999411       0.12352411777980013       0.12319665485740249       0.12319816297574769       0.12319842114922130     
  0.15707963267946751       0.15643446504020900       0.15502027367570034       0.15296860527898315       0.15233218951052091       0.15233665796691975       0.15233744170448549     
  0.18849555921536543       0.18738131458570287       0.18497709744853552       0.18147390682999859       0.18038072659445056       0.18039161418392249       0.18039355213354402     
  0.21991148575126335       0.21814324139652091       0.21437186916087078       0.20886138153695727       0.20713756010692713       0.20716071538607314       0.20716487346891149     
  0.25132741228716127       0.24868988716483328       0.24311493197525735       0.23495518616419825       0.23240263191196966       0.23244718653962312       0.23245522574294766     
  0.28274333882305919       0.27899110603920790       0.27111770658690576       0.25958271509989023       0.25598125349722001       0.25606064447549981       0.25607499515642379     
  0.31415926535895711       0.30901699437492630       0.29829283806408941       0.28257503431362008       0.27768481419920976       0.27781792760780555       0.27784197615329270     
  0.34557519189485503       0.33873792024527044       0.32455434099293584       0.30376730850146244       0.29733147412232364       0.29754390197641611       0.29758218376484069     
  0.37699111843075295       0.36812455268465727       0.34981774272516197       0.32299922062519865       0.31474683998539826       0.31507224078530954       0.31513063762394089     
  0.40840704496665087       0.39714789063476019       0.37400022452981291       0.34011538306181405       0.32976462217295671       0.33024617537615442       0.33033210454951634     
  0.43982297150254879       0.42577929156505251       0.39702076045263412       0.35496573959467181       0.34222727133512154       0.34291921409145615       0.34304181348183921     
  0.47123889803844671       0.45399049973952693       0.41880025368967783       0.36740595749176863       0.35198659285506012       0.35295582792229102       0.35312611803545130     
  0.50265482457434463       0.48175367410169573       0.43926167028488644       0.37729780893225107       0.35890433762496521       0.36023209922494431       0.36046312966638661     
  0.53407075111024260       0.50904141575035211       0.45833016996480630       0.38450954105907897       0.36285276755434909       0.36463633272705165       0.36494328527474656     
  0.56548667764614058       0.53582679497897789       0.47593323392720971       0.38891623395448621       0.36371519434414407       0.36606962504534735       0.36646989051739987     
  0.59690260418203855       0.56208337785211226       0.49200078940432668       0.39040014585238780       0.36138649010623408       0.36444639117740052       0.36495960292501967     
  0.62831853071793653       0.58778525229245526       0.50646533082536183       0.38885104492840206       0.35577356829702089       0.35969484884040659       0.36034283110320053     
  0.65973445725383451       0.61290705365295906       0.51926203740754562       0.38416652701724713       0.34679583393873081       0.35175745141138259       0.35256416827313297     
  0.69115038378973248       0.63742398974867276       0.53032888700922864       0.37625231864529207       0.33438560150146979       0.34059127883230922       0.34158264750719264     
  0.72256631032563046       0.66131186532363539       0.53960676608350366       0.36502256477675715       0.31848847960285842       0.32616837285194689       0.32737205198598340     
  0.75398223686152843       0.68454710592867263       0.54703957557573513       0.35040010070471289       0.29906372105241330       0.30847602840653854       0.30992101377875408     
  0.78539816339742641       0.70710678118653203       0.55257433261354083       0.33231670753415060       0.27608453775401037       0.28751701828966553       0.28923340327990671     
  0.81681408993332438       0.72896862742139645       0.55616126784315267       0.31071335075014239       0.24953837850498228       0.26330978725009752       0.26532803903883523     
  0.84823001646922236       0.75011106963044505       0.55775391827158816       0.28554040136239955       0.21942716999895767       0.23588856727074362       0.23823902030444649     
  0.87964594300512033       0.77051324277577526       0.55730921548003587       0.25675783916896788       0.18576751933635338       0.20530345082388163       0.20801558346566923     
  0.91106186954101831       0.79015501237567698       0.55478756907930027       0.22433543770901326       0.14859087749854061       0.17162040523026145       0.17472200700047250     
  0.94247779607691629       0.80901699437493468       0.55015294528483449       0.18825293048574954       0.10794366319609219       0.13492123838238060       0.13843712827792304     
  0.97389372261281426       0.82708057427454962       0.54337294049462115       0.14850015809074940        6.3887346905560791E-002   9.5303477375453596E-002   9.9254883210732683E-002
   1.0053096491487121       0.84432792550200342       0.53441884975984189       0.10507719588724257        1.6498493456312532E-002   5.2880236759288587E-002   5.7283087233605763E-002
   1.0367255756846101       0.86074202700393254       0.52326573004481824        5.7994461926907437E-002  -3.4131235665104384E-002   7.7799799047544999E-003   1.2643937866958574E-002
   1.0681415022205081       0.87630668004385315       0.50989245817914863        7.2728048378022381E-003  -8.7895122372598042E-002  -3.9853726188732917E-002  -3.4527437859246779E-002
   1.0995574287564061       0.89100652418835802       0.49428178341216444       -4.7056428591204180E-002 -0.14467147255901042       -8.9862575694987928E-002  -8.4082148654300595E-002
   1.1309733552923040       0.90482705246601036       0.47642037448630914      -0.10495134631171421      -0.20432373990442071      -0.14207387602801966      -0.13585931243679655     
   1.1623892818282020       0.91775462568397259       0.45629886115366225      -0.16635948462889893      -0.26670069015463854      -0.19630101314944526      -0.18968592444393448     
   1.1938052083641000       0.92977648588824346       0.43391187006618875      -0.23121780262542485      -0.33163660820245866      -0.25234394734113097      -0.24537768390638356     
   1.2252211348999980       0.94088076895421824       0.40925805497847556      -0.29945269755228765      -0.39895154650804304      -0.30998976438825193      -0.30273945366528521     
   1.2566370614358959       0.95105651629514698       0.38234012120822464      -0.37098004123627054      -0.46845161537988944      -0.36901326704737170      -0.36156719151092503     
   1.2880529879717939       0.96029368567693707       0.35316484430778383      -0.44570523757872949      -0.53992931342362471      -0.42917767660230327      -0.42164661372323547     
   1.3194689145076919       0.96858316112862586       0.32174308290689901      -0.52352330110977441      -0.61316390059346237      -0.49023529423868395      -0.48275634587396571     
   1.3508848410435899       0.97591676193874277       0.28808978569531168      -0.60431895663717761      -0.68792180973004835      -0.55192828854690823      -0.54466757753958572     
   1.3823007675794878       0.98228725072868472       0.25222399252010314      -0.68796675987044487      -0.76395709830128355      -0.61398953688927671      -0.60714394116289416     
   1.4137166941153858       0.98768834059513444       0.21416882958164024      -0.77433123894169742      -0.84101194114793421      -0.67614338453202383      -0.66994603261636865     
   1.4451326206512838       0.99211470131447521       0.17395149871889390      -0.86326705673233683      -0.91881715809685593      -0.73810664483789779      -0.73282859280861001     
   1.4765485471871818       0.99556196460307800       0.13160326078267831      -0.95461919378730253      -0.99709278107185806      -0.79958952889612944      -0.79554242959709209     
   1.5079644737230797       0.99802672842827023        8.7159413103053751E-002  -1.0482231516200990       -1.0755486593581232      -0.86029653131066552      -0.85783852971107588     
   1.5393804002589777       0.99950656036573093        4.0659261065270472E-002  -1.1439051762324712       -1.1538850965221006      -0.91992756546919530      -0.91946546513257610     
   1.5707963267948757        1.0000000000000000       -7.8539161843129805E-003  -1.2414825015172875       -1.2317935245580083      -0.97817896979123209      -0.98017155104199671     
   1.6022122533307737       0.99950656036573227       -5.8332905873017413E-002  -1.3407636122540856       -1.3089572108107073       -1.0347446058366236       -1.0397056516323517     
   1.6336281798666716       0.99802672842827289      -0.11072660753984466       -1.4415485263931751       -1.3850519964616868       -1.0893169449865434       -1.0978216770658105     
   1.6650441064025696       0.99556196460308199      -0.16498008473252987       -1.5436290962167398       -1.4597470660725467       -1.1415882344982375       -1.1542756799716594     
   1.6964600329384676       0.99211470131448043      -0.22103462241090419       -1.6467893280068484       -1.5327057455260891       -1.1912517184748328       -1.2088261820064330     
   1.7278759594743656       0.98768834059514099      -0.27882778999716340       -1.7508057197556324       -1.6035863298017068       -1.2380026914026419       -1.2612423518834543     
   1.7592918860102635       0.98228725072869261      -0.33829351000545665       -1.8554476164882767       -1.6720429338641589       -1.2815398532986912       -1.3112972350981817     
   1.7907078125461615       0.97591676193875188      -0.39936213217633265       -1.9604775826654803       -1.7377263702464336       -1.3215664995892047       -1.3587703048556088     
   1.8221237390820595       0.96858316112863618      -0.46196051303413405       -2.0656517911364474       -1.8002850507609616       -1.3577916204140714       -1.4034560737632289     
   1.8535396656179575       0.96029368567694884      -0.52601210077790828       -2.1707204281301107       -1.8593659053599241       -1.3899313307673147       -1.4451550627967231     
   1.8849555921538554       0.95105651629515986      -0.59143702540961229       -2.2754281136408507       -1.9146153244438948       -1.4177099608318910       -1.4836834071693290     
   1.9163715186897534       0.94088076895423245      -0.65815219399653402       -2.3795143366304501       -1.9656801147774927       -1.4408614817350309       -1.5188630780465784     
   1.9477874452256514       0.92977648588825890      -0.72607139095723527       -2.4827139043691986       -2.0122084755087779       -1.4591305394679350       -1.5505368946025904     
   1.9792033717615494       0.91775462568398924      -0.79510538325437874       -2.5847574052978683       -2.0538509830160940       -1.4722738304578420       -1.5785606837510260     
   2.0106192982974473       0.90482705246602824      -0.86516203037063244       -2.6853716846436511       -2.0902615913359672       -1.4800612999571130       -1.6027992654569894     
   2.0420352248333451       0.89100652418837711      -0.93614639893738172       -2.7842803321601703       -2.1210986383785277       -1.4822772669697688       -1.6231507581977351     
   2.0734511513692429       0.87630668004387358       -1.0079608818801502       -2.8812041811388158       -2.1460258625735240       -1.4787217829415122       -1.6395171017263228     
   2.1048670779051406       0.86074202700395430       -1.0805053219372838       -2.9758618180423664       -2.1647134224540205       -1.4692116962304707       -1.6518225947847982     
   2.1362830044410384       0.84432792550202640       -1.1536771394040468       -3.0679701018776235       -2.1768389192855699       -1.4535819430759895       -1.6600050645454525     
   2.1676989309769361       0.82708057427457371       -1.2273714639469206       -3.1572446925155413       -2.1820884262402029       -1.4316862450812438       -1.6640418077792913     
   2.1991148575128339       0.80901699437496000       -1.3014812703280016       -3.2434005872222285       -2.1801575034830960       -1.4033989531534314       -1.6638973616204387     
   2.2305307840487316       0.79015501237570362       -1.3758975178738146       -3.3261526643948613       -2.1707522256276817       -1.3686151780273099       -1.6595996447577654     
   2.2619467105846294       0.77051324277580313       -1.4505092935174440       -3.4052162338021472       -2.1535901882734017       -1.3272526453837972       -1.6511671129807013     
   2.2933626371205271       0.75011106963047414       -1.5252039582379546       -3.4803075923151270       -2.1284015177337334       -1.2792521363570479       -1.6386510555712230     
   2.3247785636564249       0.72896862742142665       -1.5998672967157814       -3.5511445843557325       -2.0949298614948901       -1.2245787361986245       -1.6221186760611028     
   2.3561944901923226       0.70710678118656334       -1.6743836700190338       -3.6174471660056260       -2.0529333766429652       -1.1632222353443455       -1.6016786313394191     
   2.3876104167282204       0.68454710592870505       -1.7486361711294427       -3.6789379721043840       -2.0021856857153209       -1.0951987208430269       -1.5774392212770763     
   2.4190263432641181       0.66131186532366892       -1.8225067831153947       -3.7353428850297652       -1.9424768394119412       -1.0205504241945600       -1.5495538954575874     
   2.4504422698000159       0.63742398974870729       -1.8958765397515185       -3.7863916046866417       -1.8736142341167639      -0.93934717960839220       -1.5181883966574619     
   2.4818581963359136       0.61290705365299469       -1.9686256883848363       -3.8318182183267977       -1.7954235256014486      -0.85168689136675735       -1.4835118106698459     
   2.5132741228718114       0.58778525229249190       -2.0406338548402778       -3.8713617695345577       -1.7077495144646644      -0.75769547048116170       -1.4457709268403613     
   2.5446900494077092       0.56208337785214990       -2.1117802101577143       -3.9047668253195305       -1.6104569961875259      -0.65752846978201329       -1.4051755312729832     
   2.5761059759436069       0.53582679497901653       -2.1819436389482525       -3.9317840403086768       -1.5034315985998963      -0.55137030124121400       -1.3620087098033085     
   2.6075219024795047       0.50904141575039175       -2.2510029091549026       -3.9521707172321014       -1.3865805684667074      -0.43943587031642162       -1.3165284726670032     
   2.6389378290154024       0.48175367410173620       -2.3188368430013453       -3.9656913625001917       -1.2598335485427246      -0.32196953493107383       -1.2690594228541952     
   2.6703537555513002       0.45399049973956823       -2.3853244889085272       -3.9721182361744178       -1.1231432970972643      -0.19924645817944719       -1.2199077532256957     
   2.7017696820871979       0.42577929156509459       -2.4503452941583346       -3.9712318951608845      -0.97648638744444893       -7.1571892865661790E-002  -1.1694298556954341     
   2.7331856086230957       0.39714789063480305       -2.5137792780811892       -3.9628217287999101      -0.81986385787520843        6.0718277832665812E-002  -1.1179839201381283     
   2.7646015351589934       0.36812455268470085       -2.5755072055431558       -3.9466864858402535      -0.65330182547206883       0.19725785634772697       -1.0659625209800949     
   2.7960174616948912       0.33873792024531468       -2.6354107605070523       -3.9226347918554865      -0.47685205651272033       0.33765028017282483       -1.0137507845266120     
   2.8274333882307889       0.30901699437497115       -2.6933727194409545       -3.8904856562135488      -0.29059249063327242       0.48146909534137106      -0.96178091009928346     
   2.8588493147666867       0.27899110603925342       -2.7492771243472611       -3.8500689676165356       -9.4627718442920727E-002  0.62825788881079492      -0.91046779913781306     
   2.8902652413025844       0.24868988716487933       -2.8030094551848386       -3.8012259773132397       0.11091058441923662       0.77753128884972988      -0.86027708592630581     
   2.9216811678384822       0.21814324139656743       -2.8544568014569154       -3.7438097691232457       0.32586328196348724       0.92877481045640664      -0.81165559249981700     
   2.9530970943743799       0.18738131458574986       -2.9035080327376059       -3.6776857153042215       0.55004344519535575        1.0814458394100299      -0.76506829627228101     
   2.9845130209102777       0.15643446504025640       -2.9500539679103341       -3.6027319174668153       0.78323607703693954        1.2349742967542805      -0.72099833819904391     
   3.0159289474461755       0.12533323356433007       -2.9939875428925293       -3.5188396316283930        1.0251978901133114        1.3887633336297274      -0.67992689482497859     
   3.0473448739820732        9.4108313318540429E-002  -3.0352039766217738       -3.4259136765891802        1.2756571401636978        1.5421903068038176      -0.64234898780403560     
   3.0787608005179710        6.2790519529339742E-002  -3.0736009350799969       -3.3238728248207696        1.5343135175881590        1.6946076299209307      -0.60875864815200420     
   3.1101767270538687        3.1410759078154875E-002  -3.1090786931342285       -3.2126501750329672        1.8008380947354516        1.8453439167951444      -0.57965069869798214     
   3.1415926535897665        2.6767817270918492E-014  -3.1415402939739385       -3.0921935056787926        2.0748733333867961        1.9937051349004635      -0.55551860276386433     
   3.1730085801256642       -3.1410759078101355E-002  -3.1708917059274913       -2.9624656086268919        2.3560331516715456        2.1389759010070124      -0.53685791530062676     
   3.2044245066615620       -6.2790519529286298E-002  -3.1970419764426015       -2.8234446022799080        2.6439030524289331        2.2804207471131086      -0.52415324675229380     
   3.2358404331974597       -9.4108313318487138E-002  -3.2199033830184791       -2.6751242234292896        2.9380403121741603        2.4172856471010653      -0.51789287903315850     
   3.2672563597333575      -0.12533323356427700       -3.2393915808803175       -2.5175140971741268        3.2379742323754375        2.5487994473067950      -0.51854040904606302     
   3.2986722862692552      -0.15643446504020356       -3.2554257471900745       -2.3506399842632235        3.5432064532793341        2.6741756395632366      -0.52656668500734716     
   3.3300882128051530      -0.18738131458569729       -3.2679287215910868       -2.1745440052298930        3.8532113308935649        2.7926139038420263      -0.54241628247183105     
   3.3615041393410507      -0.21814324139651523       -3.2768271428878339       -1.9892848407456278        4.1674363781986514        2.9033017685218603      -0.56649515249967486     
   3.3929200658769485      -0.24868988716482748       -3.2820515816661708       -1.7949379076243768        4.4853027659438505        3.0054171195259372      -0.59926061116167828     
   3.4243359924128463      -0.27899110603920202       -3.2835366686637908       -1.5915955099615928        4.8062058925752638        3.0981292331469605      -0.64106505131143932     
   3.4557519189487440      -0.30901699437492025       -3.2812212187051308       -1.3793669649213085        5.1295160127055279        3.1806016408389937      -0.69230386568389957     
   3.4871678454846418      -0.33873792024526433       -3.2750483500197318       -1.1583787027156247        5.4545789352501473        3.2519931502728485      -0.75325291517735105     
   3.5185837720205395      -0.36812455268465111       -3.2649655987682662      -0.92877434030982453        5.7807167696216730        3.3114619521076150      -0.82431624636751222     
   3.5499996985564373      -0.39714789063475392       -3.2509250286053883      -0.69071472860077598        6.1072287607363176        3.3581651340590333      -0.90568055381826218     
   3.5814156250923350      -0.42577929156504618       -3.2328833351143840      -0.44437797253662836        6.4333921570029036        3.3912633903375640      -0.99762824524904792     
   3.6128315516282328      -0.45399049973952055       -3.2108019449542620      -0.18995942401338928        6.7584631570233231        3.4099225367061394       -1.1004107257179405     
   3.6442474781641305      -0.48175367410168934       -3.1846471095654612        7.2328352749496450E-002   7.0816779188318666        3.4133148774278461       -1.2140956832077676     
   3.6756634047000283      -0.50904141575034567       -3.1543899932872206       0.34225564367436778        7.4022536112779083        3.4006242220912331       -1.3389761482375961     
   3.7070793312359260      -0.53582679497897134       -3.1200067557450977       0.61957567516642742        7.7193895529191590        3.3710444092154921       -1.4749301236777139     
   3.7384952577718238      -0.56208337785210571       -3.0814786283744735       0.90402473264460337        8.0322683760266251        3.3237861455172224       -1.6221506229977267     
   3.7699111843077215      -0.58778525229244860       -3.0387919849522120        1.1953223073149024        8.3400572656422653        3.2580765601580017       -1.7804644339346032     
   3.8013271108436193      -0.61290705365295239       -2.9919384060149392        1.4931712711139689        8.6419092537672277        3.1731643582472842       -1.9500164673335680     
   3.8327430373795170      -0.63742398974866610       -2.9409147370512048        1.7972580801328886        8.9369645657395740        3.0683190388965738       -2.1305107657425122     
   3.8641589639154148      -0.66131186532362873       -2.8857231403596284        2.1072530062504518        9.2243520079142076        2.9428374501129699       -2.3219558973440826     
   3.8955748904513126      -0.68454710592866608       -2.8263711404746044        2.4228103970211539        9.5031904323889123        2.7960417112517293       -2.5238832222106531     
   3.9269908169872103      -0.70710678118652548       -2.7628716630677155        2.7435689638830181        9.7725901964860871        2.6272877714804057       -2.7360783516415781     
   3.9584067435231081      -0.72896862742139001       -2.6952430672398568        3.0691520980637792        10.031654738079759        2.4359649052701400       -2.9584901400351544     
   3.9898226700590058      -0.75011106963043872       -2.6235091711293248        3.3991682146435953        10.279482144648624        2.2214976286446380       -3.1907122635292220     
   4.0212385965949036      -0.77051324277576894       -2.5476992707658765        3.7332111239799191        10.515166802694322        1.9833452000871965       -3.4316675810602266     
   4.0526545231308013      -0.79015501237567076       -2.4678481521113649        4.0708604306775218        10.737801024945064        1.7210134260434611       -3.6809837829699434     
   4.0840704496666991      -0.80901699437492858       -2.3839960962342737        4.4116819594283792        10.946476779179701        1.4340519615786160       -3.9382999124964320     
   4.1154863762025968      -0.82708057427454362       -2.2961888775740773        4.7552282075799672        11.140287425344805        1.1220566857604570       -4.2029497345947622     
   4.1469023027384946      -0.84432792550199764       -2.2044777552593779        5.1010388239263182        11.318329496838718       0.78467146133276344       -4.4741039509370166     
   4.1783182292743923      -0.86074202700392699       -2.1089194574533860        5.4486411134721777        11.479704492726569       0.42159179811119252       -4.7508561136786209     
   4.2097341558102901      -0.87630668004384771       -2.0095761587060812        5.7975505674162724        11.623520702005347        3.2568985650218707E-002  -5.0323675471021811     
   4.2411500823461878      -0.89100652418835291       -1.9065154503040385        6.1472714180528314        11.748895063587522      -0.38258896870360637       -5.3177697780609261     
   4.2725660088820856      -0.90482705246600537       -1.7998103036149660        6.4972972178876178        11.854955046029975      -0.82401584632198777       -5.6060273827115399     
   4.3039819354179834      -0.91775462568396793       -1.6895390264338486        6.8471114425165851        11.940840533153972       -1.2917842260237258       -5.8959179890752331     
   4.3353978619538811      -0.92977648588823902       -1.5757852123456972        7.1961881164315988        12.005705737067057       -1.7859021018879737       -6.1864212424807752     
   4.3668137884897789      -0.94088076895421402       -1.4586376831284757        7.5439924612918006        12.048721112619607       -2.3063120921139380       -6.4762591084843217     
   4.3982297150256766      -0.95105651629514310       -1.3381904242288474        7.8899815657271288        12.069075302411949       -2.8528908056046394       -6.7638615627277581     
   4.4296456415615744      -0.96029368567693352       -1.2145425133511698        8.2336050761596837        12.065977039915431       -3.4254409490471414       -7.0481424693421841     
   4.4610615680974721      -0.96858316112862264       -1.0877980422090983        8.5743059075145371        12.038657120838529       -4.0236956209154506       -7.3277451423165694     
   4.4924774946333699      -0.97591676193873989      -0.95806603149841973        8.9115209733572200        11.986370328767331       -4.6473157927203150       -7.6009343140601668     
   4.5238934211692676      -0.98228725072868217      -0.82546033915675765        9.2446819343818287        11.908397357033282       -5.2958856235270506       -7.8661517858439884     
   4.5553093477051654      -0.98768834059513233      -0.69009956198529021        9.5732159642649943        11.804046759783798       -5.9689151087482983       -8.1215248154265325     
   4.5867252742410631      -0.99211470131447344      -0.55210693071659500        9.8965465324441642        11.672656805775585       -6.6658293549105103       -8.3660354334318310     
   4.6181412007769609      -0.99556196460307667      -0.41161019861821807        10.214094201914543        11.513597464971184       -7.3859834046657831       -8.5971764584606447     
   4.6495571273128586      -0.99802672842826934      -0.26874152373446908        10.525277442279529        11.326272199362991       -8.1286436275818819       -8.8136743405425371     
   4.6809730538487564      -0.99950656036573049      -0.12363734487199762        10.829513455802003        11.110119901999809       -8.8930027371850571       -9.0130802483801791     
   4.7123889803846541       -1.0000000000000000        2.3561748552886761E-002   11.126219016537457        10.864616642509599       -9.6781629779599818       -9.1939012345911078     
   4.7438049069205519      -0.99950656036573271       0.17271115268275108        11.414811320398073        10.589277536876560       -10.483146614117642       -9.3543056898693138     
   4.7752208334564497      -0.99802672842827378       0.32366239127021085        11.694708845851450        10.283658512875803       -11.306896562635952       -9.4916826302019146     
   4.8066367599923474      -0.99556196460308344       0.47626326347304787        11.965332223898178        9.9473579950655875       -12.148265051149522       -9.6044565343972224     
   4.8380526865282452      -0.99211470131448243       0.63035799724586117        12.226105115845982        9.5800186476008680       -13.006023123284558       -9.6904497517170221     
   4.8694686130641429      -0.98768834059514343       0.78578740817371961        12.476455098239018        9.1813289972397083       -13.878857476764805       -9.7473668164045328     
   4.9008845396000407      -0.98228725072869560       0.94238906358652441        12.715814553193679        8.7510250580927487       -14.765370121167754       -9.7732571955894976     
   4.9323004661359384      -0.97591676193875543        1.0999974517838287        12.943621563543543        8.2888918660947617       -15.664080673687064       -9.7656672556474007     
   4.9637163926718362      -0.96858316112864040        1.2584441561963839        13.159320810923031        7.7947649807366561       -16.573422973281865       -9.7225375377789174     
   4.9951323192077339      -0.96029368567695350        1.4175580342996810        13.362364476052946        7.2685319305341123       -17.491749932317369       -9.6414484576019959     
   5.0265482457436317      -0.95105651629516519        1.5771654010921934        13.552213139639552        6.7101335815342447       -18.417328654455481       -9.5207509237498051     
   5.0579641722795294      -0.94088076895423822        1.7370902169415650        13.728336682734099        6.1195654898950158       -19.348352387918389       -9.3575660273566204     
   5.0893800988154272      -0.92977648588826534        1.8971542795977734        13.890215185449589        5.4968790900176447       -20.282927798079541       -9.1500406904891207     
   5.1207960253513249      -0.91775462568399624        2.0571774201659832        14.037339822185627        4.8421829417947198       -21.219089414499237       -8.8956142600706105     
   5.1522119518872227      -0.90482705246603579        2.2169777028246371        14.169213752938655        4.1556437630302554       -22.154789088660099       -8.5925089464167481     
   5.1836278784231204      -0.89100652418838533        2.3763716280718215        14.285353008364982        3.4374875223347647       -23.087910379096620       -8.2378994223402859     
   5.2150438049590182      -0.87630668004388212        2.5351743392742083        14.385287368270143        2.6880003195010804       -24.016255451503390       -7.8307686865397805     
   5.2464597314949160      -0.86074202700396341        2.6931998322913291        14.468561231238739        1.9075293332080712       -24.937566916375076       -7.3678390503776825     
   5.2778756580308137      -0.84432792550203595        2.8502611679392995        14.534734475202056        1.0964835160482842       -25.849511376769126       -6.8475940080858031     
   5.3092915845667115      -0.82708057427458381        3.0061706870583484        14.583383306465960       0.25533434833593560       -26.749695488221594       -6.2676455207621409     
   5.3407075111026092      -0.80901699437497054        3.1607402279393808        14.614101096921150      -0.61538362545575964       -27.635656545010960       -5.6265949939057442     
   5.3721234376385070      -0.79015501237571462        3.3137813458650509        14.626499207237780       -1.5150722226262925       -28.504879860916894       -4.9217987499840454     
   5.4035393641744047      -0.77051324277581457        3.4651055345138415        14.620207795534451       -2.4430692645768630       -29.354789427028820       -4.1518906926470542     
   5.4349552907103025      -0.75011106963048590        3.6145244489747661        14.594876609628022       -3.3986482317212907       -30.182759050260380       -3.3152734654922291     
   5.4663712172462002      -0.72896862742143886        3.7618501301154339        14.550175762004420       -4.3810180795805298       -30.986112521028495       -2.4098470804171725     
   5.4977871437820980      -0.70710678118657599        3.9068952300442987        14.485796485954568       -5.3893231067939329       -31.762129777127392       -1.4339552047069901     
   5.5292030703179957      -0.68454710592871804        4.0494732384049730        14.401451871820475       -6.4226429617429357       -32.508048034678190      -0.38620667919376217     
   5.5606189968538935      -0.66131186532368225        4.1893987092391693        14.296877582012323       -7.4799927532374770       -33.221064929681312       0.73404969109968476     
   5.5920349233897912      -0.63742398974872105        4.3264874881508479        14.171832543556478       -8.5603232218815872       -33.898354356955878        1.9297015141032006     
   5.6234508499256890      -0.61290705365300879        4.4605569395048290        14.026099617189882       -9.6625211131078999       -34.537049961259569        3.2000363267299363     
   5.6548667764615868      -0.58778525229250633        4.5914261733905706        13.859486241477143       -10.785409561276492       -35.134269777857178        4.5468381956291068     
   5.6862827029974845      -0.56208337785216467        4.7189162720807643        13.671825051072258       -11.927748630678060       -35.687114412019596        5.9711989928655456     
   5.7176986295333823      -0.53582679497903163        4.8428505157143604        13.462974467870344       -13.088235972372336       -36.192671357894518        7.4741891079048628     
   5.7491145560692800      -0.50904141575040707        4.9630546069318395        13.232819264239421       -14.265507635243587       -36.648012862086517        9.0557676091533921     
   5.7805304826051778      -0.48175367410175191        5.0793568941934000        12.981271096531136       -15.458138871720029       -37.050214297494463        10.716206950240021     
   5.8119464091410755      -0.45399049973958416        5.1915885935067720        12.708269008680944       -16.664645162165296       -37.396353745508165        12.455794403949731     
   5.8433623356769733      -0.42577929156511074        5.2995840082958772        12.413779904437554       -17.883483335121529       -37.683517086517341        14.274945375662895     
   5.8747782622128710      -0.39714789063481942        5.4031807471399720        12.097798987164822       -19.113052753582028       -37.908806701053201        16.173424061686298     
   5.9061941887487688      -0.36812455268471744        5.5022199391149007        11.760350166674424       -20.351696695131931       -38.069342056256325        18.150806918274291     
   5.9376101152846665      -0.33873792024533150        5.5965464464700085        11.401486431721555       -21.597703771201903       -38.162272290191723        20.206947543485875     
   5.9690260418205643      -0.30901699437498820        5.6860090743753577        11.021290187566713       -22.849309510215960       -38.184773986355218        22.340254979359820     
   6.0004419683564620      -0.27899110603927058        5.7704607774760950        10.619873557773701       -24.104698014274703       -38.134069665779094        24.550564367656776     
   6.0318578948923598      -0.24868988716489662        5.8497588629943875        10.197378649287621       -25.362003769879202       -38.007422303724773        26.836301254465376     
   6.0632738214282575      -0.21814324139658492        5.9237651901202577        9.7539777802344005       -26.619313536150898       -37.802150080437244        29.196558242993675     
   6.0946897479641553      -0.18738131458576746        5.9923463654371796        9.2898736696918203       -27.874668382340474       -37.515624787502922        31.629233603708009     
   6.1261056745000531      -0.15643446504027408        6.0553739341317305        8.8052995885509215       -29.126065770700045       -37.145288258827250        34.132830837701960     
   6.1575216010359508      -0.12533323356434783        6.1127245667389234        8.3005194712585215       -30.371461823388426       -36.688649836190287        36.705031448236817     
   6.1889375275718486       -9.4108313318558248E-002   6.1642802411803039        7.7758279875119953       -31.608773633722251       -36.143299116630168        39.343544636047461     
   6.2203534541077463       -6.2790519529357589E-002   6.2099284198555047        7.2315505736023313       -32.835881716258278       -35.506910418100034        42.045888715589626     
   6.2517693806436441       -3.1410759078172742E-002   6.2495622215526394        6.6680434228440921       -34.050632548147583       -34.777248847121783        44.809099562603862     
   6.2831853071795418       -4.4653850344835732E-014   6.2830805879478877        6.0856934346787677       -35.250841203811810       -33.952179003899360        47.630244911498636     
   6.3146012337154396        3.1410759078083487E-002   6.3103884444695755        5.4849181221534318       -36.434294102746819       -33.029669099839708        50.505838099402993     
